196	515
196	1258
186	1011
186	297
186	560
186	851
22	155
22	1315
22	741
22	928
22	976
22	879
244	1067
244	1324
244	868
244	1578
244	1266
244	1214
244	1523
244	38
244	928
244	1316
166	486
298	685
298	494
298	618
298	226
298	1268
298	1097
115	520
115	1051
115	412
115	1206
253	252
253	977
253	1319
253	123
305	1301
305	833
305	1105
305	430
305	1373
305	662
305	1435
305	1178
305	1296
6	947
6	718
6	162
6	1068
6	1317
6	1438
6	865
6	1049
6	1256
62	522
62	140
62	1184
62	858
62	468
62	146
62	1414
62	1214
62	1495
62	1467
286	420
286	768
286	1557
286	886
286	1321
286	1641
286	1392
286	928
286	936
286	370
286	624
286	346
200	73
200	712
200	768
200	1034
200	545
200	1610
200	1190
200	1017
200	149
210	1393
210	1545
210	624
210	261
210	335
210	825
224	263
224	1328
224	802
224	1011
224	506
224	409
303	978
303	711
303	1623
303	400
303	1441
303	1639
303	1074
303	728
303	1489
303	1444
303	561
303	951
303	801
303	816
303	560
303	1548
303	1477
303	1081
303	1263
303	1542
122	1440
122	1071
122	1362
194	65
194	726
194	1436
194	1125
194	1452
194	1652
194	408
194	861
194	395
194	251
194	1371
194	1058
194	1272
291	199
291	115
291	1262
291	1390
291	197
291	281
291	297
291	1295
291	633
291	946
291	607
291	1516
234	1165
234	1180
234	1045
234	439
234	1197
234	954
234	225
234	781
234	1489
234	272
234	597
234	728
234	1581
234	780
234	1019
234	862
234	1664
234	1433
234	691
234	680
119	1392
119	969
119	218
119	1191
119	1606
119	1485
119	34
119	1344
167	952
167	1314
167	720
299	1605
299	1331
299	64
299	1010
299	2
299	361
299	868
299	183
299	1454
299	1144
299	992
299	27
308	1471
308	1199
308	1430
308	1144
308	260
308	524
308	384
308	148
308	271
308	1641
308	1058
308	1390
308	630
308	1392
308	220
308	620
95	1024
95	116
95	1290
95	746
95	559
95	305
95	944
95	723
95	1407
95	1324
95	750
95	1369
38	862
38	1541
38	531
38	277
38	859
102	819
102	1101
102	706
102	90
102	1199
102	952
102	919
102	1244
102	633
63	364
63	1119
63	1143
63	880
160	1465
160	1193
160	1398
160	555
160	666
50	1191
301	149
301	1045
301	1357
301	1192
301	1014
301	925
301	489
301	1252
301	832
301	659
301	486
225	1210
225	1076
290	880
290	303
290	1152
290	1450
290	1292
290	620
97	695
97	58
97	596
157	1539
157	231
157	197
181	657
181	556
181	421
181	947
181	409
181	438
181	568
181	550
181	82
181	515
181	454
181	1469
181	1286
181	239
181	780
181	1612
181	180
181	1567
278	198
276	1361
276	1217
276	264
276	574
276	1535
276	599
276	1596
276	178
276	861
276	452
276	947
276	313
276	1607
276	355
276	1654
276	1411
276	286
276	1085
276	131
276	1205
276	1242
7	1573
7	222
7	1113
7	697
7	958
7	1529
7	1606
7	793
7	74
7	247
7	955
7	73
7	1489
7	1090
7	842
7	936
7	1117
10	144
10	607
10	1559
10	1500
10	281
10	1344
10	88
10	375
284	1336
284	963
201	925
201	1030
201	491
201	1022
201	1302
201	1556
201	532
201	1652
201	993
201	818
201	309
201	1384
201	966
201	1053
201	126
201	1496
287	647
287	762
287	1108
246	753
246	700
246	1163
246	534
246	1022
246	313
246	892
246	190
242	466
249	652
249	720
249	254
249	940
249	1071
249	1283
249	397
99	1328
99	1051
99	222
99	1172
99	782
99	1274
178	740
178	995
178	1181
178	380
178	343
178	702
178	1111
178	618
178	929
178	1256
178	1303
251	738
251	501
251	673
251	824
81	656
81	134
81	1548
260	16
25	878
25	594
25	987
25	287
59	1139
59	1179
59	1419
59	678
59	1032
59	1144
59	221
59	1123
59	226
59	690
59	1076
59	449
59	832
59	43
59	53
59	255
72	877
72	1096
72	619
72	1488
72	1392
72	300
87	569
87	1245
87	257
87	19
87	627
87	1527
87	1274
87	841
87	249
42	1558
42	850
42	400
42	580
42	92
42	56
42	1127
42	469
292	1658
292	1103
292	280
292	1428
292	1468
20	375
20	1436
13	1468
13	1454
13	122
13	1418
13	284
13	964
13	232
13	295
13	536
13	1491
13	206
13	1617
13	166
13	1462
13	698
13	456
13	971
13	1053
13	1369
13	366
13	1522
13	1270
13	1311
13	1493
13	1175
13	1046
138	1335
138	1035
138	939
60	75
60	796
60	1410
60	573
60	1204
60	685
60	1163
60	777
60	858
57	997
57	673
57	459
57	1153
57	1197
223	1297
223	965
223	206
223	389
223	1348
189	891
189	1176
189	1263
189	932
189	635
189	458
189	1193
189	299
243	1075
243	1082
243	43
243	880
92	416
92	1128
92	397
92	336
92	668
92	1063
92	1184
92	909
92	1276
92	1574
92	1245
92	970
92	1338
92	641
92	1189
92	980
241	603
254	680
254	889
254	1257
254	947
254	1159
254	1459
254	914
293	413
293	810
293	923
293	976
293	1429
293	268
293	853
293	1676
293	1300
293	664
293	671
293	1122
293	406
293	525
293	731
293	1066
127	766
222	538
222	360
222	984
222	674
222	394
222	1483
222	354
222	103
222	867
222	1491
222	995
222	438
222	299
222	760
222	1015
222	1445
267	967
267	287
267	505
267	660
267	1286
267	1165
267	137
267	1203
11	101
11	1031
11	563
11	1048
11	813
11	218
11	200
11	130
8	515
8	1064
8	642
162	1531
162	1160
279	474
279	1462
279	1208
279	468
279	1198
279	1605
279	651
279	1043
279	692
279	1058
279	1501
279	1374
279	819
279	611
279	1332
279	1201
279	815
279	1363
145	1378
145	1007
145	1336
145	1435
145	675
145	153
145	1229
145	797
145	792
145	142
145	914
145	753
145	1221
28	822
28	1336
28	1368
28	1530
135	1461
135	948
135	947
32	864
32	423
90	765
90	1489
90	870
90	439
90	626
90	1643
90	76
90	1085
90	873
90	1252
90	1478
90	520
216	1063
216	929
216	842
216	967
216	116
216	1056
250	821
250	1474
250	1499
250	533
250	1533
271	865
271	843
271	801
271	949
271	262
271	993
271	382
271	1091
271	1320
271	1013
271	299
271	1239
265	527
265	885
198	1260
198	834
198	1213
198	448
198	1020
198	542
198	504
198	1154
168	340
168	849
168	1115
110	1471
110	1549
110	1552
110	438
110	445
110	784
58	823
58	1657
58	1272
58	417
58	252
58	1670
58	1490
237	346
237	590
94	1318
94	1609
94	649
94	1063
94	409
94	517
94	1553
94	1660
94	333
94	108
94	882
94	350
94	1036
94	958
94	836
94	964
128	955
128	61
128	395
128	230
128	89
128	502
128	983
128	758
44	770
44	224
44	1194
44	690
44	523
44	1038
44	1609
264	1335
264	1453
264	846
264	1149
264	516
41	1174
41	323
41	1026
82	791
82	745
82	90
82	549
82	1315
82	1442
82	287
262	646
262	1676
262	1279
262	429
262	212
262	619
262	206
174	792
174	1331
174	860
174	854
174	808
174	1425
174	718
174	83
43	1451
43	586
43	1139
43	1246
43	1127
43	476
43	1407
43	442
43	875
84	978
84	198
84	975
269	1643
269	757
269	1456
269	609
269	588
269	1033
269	332
269	783
269	36
269	929
269	585
269	466
269	1538
259	690
259	123
85	718
85	726
85	1164
85	972
85	1639
85	1542
85	817
85	1212
85	422
85	1371
85	1464
85	1467
213	51
213	322
213	104
213	621
213	1337
213	408
121	1226
121	1560
121	619
49	1655
49	424
49	1096
49	1382
49	848
49	415
49	1406
49	1210
49	350
155	604
68	843
68	1468
172	1199
172	67
19	717
268	1265
268	1012
268	1166
268	1011
268	1474
268	1416
268	617
268	491
268	414
268	487
268	1299
268	37
268	766
268	538
5	1548
5	118
5	53
5	335
5	1444
5	166
5	129
80	1384
80	1281
66	403
66	846
18	827
18	586
18	815
18	1105
18	998
18	942
18	767
18	1415
18	365
18	1073
18	627
18	899
26	1622
26	199
26	1028
26	501
26	658
130	1497
130	139
130	340
130	1515
130	973
130	1620
130	314
130	1161
130	1259
130	599
130	1052
130	1368
130	263
130	1524
130	108
256	1162
256	1035
256	1386
256	514
256	377
256	970
256	1155
256	156
256	797
1	1096
1	1464
1	946
1	1121
1	1631
1	704
1	1090
1	1191
1	1094
1	406
1	312
56	892
56	1355
56	622
56	589
56	387
56	103
56	1446
56	1152
15	1078
15	1149
15	1456
15	224
15	1623
207	1067
207	415
207	460
207	829
207	221
207	1077
207	493
207	103
207	918
207	1452
232	1608
232	1083
232	1626
232	970
52	271
52	491
52	1492
161	1098
161	1147
161	404
148	1164
148	651
148	1060
125	1104
125	704
125	573
125	1256
125	757
125	1176
125	1196
125	715
83	42
83	328
83	1378
83	922
83	490
83	1545
83	422
272	1298
272	325
272	1595
151	1468
151	1404
151	833
151	1276
151	708
151	1537
151	262
151	855
151	1202
151	594
151	1611
151	732
151	389
54	1212
54	1049
54	1267
16	390
16	169
16	650
16	824
16	344
16	715
91	428
91	741
91	10
91	95
294	39
294	329
294	1318
294	1527
294	1034
294	604
229	1573
229	204
36	52
70	42
70	1031
70	1083
70	262
70	1339
70	930
14	1284
14	550
14	171
14	227
295	376
295	255
295	401
295	366
295	1282
295	1327
295	754
295	1240
233	1116
233	341
233	830
233	1331
233	1085
214	808
214	417
214	445
214	1561
214	1010
214	202
192	114
192	695
100	512
100	1133
100	738
307	248
307	882
307	610
307	924
307	525
297	1479
297	700
297	959
297	682
297	749
297	439
297	375
297	1266
193	1364
193	526
193	818
193	945
193	1110
113	1528
113	55
113	1370
275	1379
275	1237
275	1589
275	1599
219	1551
219	418
218	119
218	1090
218	1480
123	823
123	76
123	1357
158	766
158	1232
158	537
158	191
158	1409
158	421
158	269
302	373
23	1008
23	125
23	65
23	108
23	894
23	1055
23	1192
296	169
296	1108
296	1173
296	1351
296	21
296	1128
33	1151
154	1589
154	653
154	853
77	223
77	149
77	82
270	644
270	1086
270	879
270	297
270	1502
270	369
187	1024
187	472
187	886
170	1170
101	171
101	762
101	1663
184	409
184	1402
184	232
184	35
184	1275
184	49
184	1466
184	862
184	1472
184	1110
184	548
112	423
112	255
133	505
133	1552
215	1262
215	501
215	691
215	1254
69	337
69	1084
69	1452
104	620
104	1290
104	1380
104	47
104	1266
240	96
144	1446
144	1100
144	164
144	693
144	1119
144	44
144	753
144	663
144	1230
191	1024
191	1195
61	1238
142	933
142	962
177	912
177	562
177	717
177	1360
177	1443
203	432
203	1531
21	360
21	90
21	284
21	28
21	1173
21	1490
21	1004
21	1339
197	223
197	614
197	1064
197	1292
197	166
134	956
180	23
180	1493
180	1269
236	1357
236	804
236	1162
236	1368
236	1389
263	759
263	1448
263	244
263	1286
263	549
109	1257
109	696
109	381
109	1662
109	1437
109	403
109	1220
109	328
109	1141
109	1551
64	1293
64	46
64	1433
64	207
64	191
64	585
64	488
64	1266
114	1304
114	1376
239	967
239	229
239	446
239	1018
239	66
239	798
239	1353
117	86
117	53
117	247
117	400
65	1328
65	858
65	394
65	786
137	1507
137	1115
257	937
257	875
257	4
111	1554
285	1413
285	1351
96	887
96	92
96	186
116	1414
116	1247
116	1454
116	771
116	514
116	1482
73	1278
73	1483
73	384
221	266
221	627
221	1456
221	103
221	1053
221	587
235	1551
235	1567
235	559
235	1196
164	1294
164	40
164	292
281	1496
281	1187
182	1605
182	467
129	276
129	1141
45	380
45	359
131	1357
131	17
230	1350
230	242
230	274
230	222
230	637
230	1075
126	127
126	750
231	42
280	309
280	1093
280	1324
280	6
280	1398
280	1402
280	1053
280	46
280	393
280	1393
280	598
288	21
288	349
288	181
152	860
152	746
152	1126
152	1483
152	338
217	940
217	984
217	99
217	1129
79	1113
79	82
79	1612
75	1378
75	622
75	544
75	511
245	1061
282	769
78	1617
118	919
118	10
118	321
283	1139
283	89
283	587
171	259
171	235
107	551
226	582
226	1221
306	999
306	1200
173	1414
173	129
185	1228
185	135
150	154
150	1041
274	927
274	719
274	124
188	1554
188	876
188	693
188	1332
188	1259
48	235
48	1533
48	750
311	299
311	9
311	1229
311	561
311	1675
311	1051
311	717
311	1127
311	1398
311	1230
311	820
311	1592
165	404
165	878
208	1186
208	822
2	650
2	1229
2	735
205	1506
248	1627
248	1331
248	1293
93	1555
159	725
159	777
159	159
159	52
159	885
146	879
146	1104
29	630
29	904
156	497
156	612
37	1155
37	1449
37	671
141	1097
141	365
141	794
141	1413
141	1066
195	1596
195	27
195	520
195	1279
108	1059
108	513
47	744
255	729
255	888
255	319
255	1228
89	176
89	605
89	1181
89	1278
140	100
190	1547
190	364
190	990
24	765
24	847
24	1657
17	116
17	880
313	955
313	284
313	879
313	1011
313	907
313	524
313	813
313	1068
313	1158
313	1192
313	1399
53	1006
53	1496
124	928
149	943
149	395
176	1107
176	1180
176	1102
106	280
106	277
106	445
312	1134
312	365
312	1380
312	668
312	1079
312	441
312	958
312	377
312	334
175	757
175	1069
153	38
220	216
143	875
199	960
199	907
202	1027
277	1398
277	499
277	846
206	1261
206	165
206	213
76	983
76	1087
76	1282
76	1083
314	753
314	864
314	1025
314	169
314	687
314	167
314	77
314	1521
314	1190
314	1062
136	543
136	1036
179	1640
179	1554
4	777
304	796
304	1419
3	1399
3	1385
3	1655
227	867
227	704
227	1124
252	766
212	1103
310	1654
35	472
147	839
105	1528
34	49
71	1202
71	577
51	1021
204	802
204	1566
315	753
315	75
315	27
315	848
31	1631
31	1061
316	1573
316	297
316	403
103	511
103	1606
318	595
318	1676
318	958
318	613
318	647
318	594
318	462
30	412
30	789
120	795
120	1189
46	251
46	755
289	484
289	857
209	734
209	362
261	15
261	261
88	176
9	199
247	277
247	426
321	760
321	519
321	95
321	863
321	1186
266	1496
74	1246
74	507
238	833
238	65
319	1058
323	1379
323	1427
323	366
323	177
67	980
67	5
211	738
211	1388
98	1165
98	1440
12	210
12	1232
12	371
40	1030
40	1296
258	254
228	906
325	745
325	1560
325	55
325	1551
325	1338
325	1487
320	1679
320	784
320	1193
320	508
320	617
320	1228
320	1274
326	1547
326	94
326	682
326	1419
326	878
326	6
326	642
326	43
327	666
327	1528
327	1280
327	1417
327	973
327	1232
327	826
327	1383
327	1118
327	823
327	1654
327	704
183	856
183	1641
183	606
328	293
328	1573
328	279
328	944
328	527
328	1530
328	244
328	490
328	594
328	292
328	1177
328	287
322	577
322	610
322	1607
330	662
330	1445
330	430
330	1242
330	440
330	1296
27	1310
331	528
331	564
331	200
332	1344
332	1225
332	690
332	20
332	798
332	615
332	1243
332	1241
329	583
329	952
329	1246
86	1049
139	1048
300	237
163	422
333	1445
333	1377
334	335
334	1389
334	646
334	377
334	583
334	593
334	385
334	639
334	1022
334	1100
334	374
334	49
334	173
334	1512
39	777
324	1115
324	1261
324	782
132	947
336	1004
336	237
336	851
336	1038
336	1223
336	440
335	967
169	695
169	520
338	638
338	57
338	505
339	1292
339	107
339	1048
339	338
339	1387
339	1181
339	858
339	1507
339	1470
339	1461
339	1199
309	898
342	1283
342	891
342	1342
342	1384
342	721
342	963
342	1352
342	785
342	588
340	1602
340	626
317	621
341	1607
343	1241
343	984
343	1349
343	812
343	831
343	618
343	244
343	1270
343	1615
343	516
344	249
344	1462
344	1469
344	610
344	855
344	627
344	246
344	350
345	1165
345	955
345	1218
345	726
345	608
345	1243
345	1181
345	293
345	1474
345	354
346	108
346	330
346	1091
346	303
346	324
346	1066
346	759
346	942
347	866
347	1070
347	1398
347	1243
347	629
347	740
347	343
347	939
273	437
55	1367
349	891
349	878
348	877
348	213
348	812
354	148
354	1370
354	1023
354	130
354	1652
354	687
354	935
354	1092
354	846
354	1531
351	875
351	439
358	1597
358	722
352	664
352	1482
360	412
360	1020
360	986
360	799
360	1336
363	379
363	952
363	108
363	1142
363	930
363	988
363	1541
363	131
363	1176
363	295
363	1102
363	608
363	803
355	366
355	1384
362	760
357	644
357	350
357	836
357	1061
356	1326
361	63
361	420
361	1643
361	428
361	259
365	237
365	324
365	158
350	1258
350	1511
367	1187
367	1262
367	1485
368	1178
368	1151
371	855
371	743
371	150
373	502
373	1607
373	1466
373	663
373	1615
373	84
373	1170
373	749
373	146
373	268
370	213
370	1324
370	720
374	1076
374	687
374	927
374	1270
374	1617
374	180
374	854
374	701
374	142
374	870
374	133
372	1480
372	111
372	586
337	205
337	1539
378	211
378	224
378	749
378	991
378	61
378	1038
378	1023
378	884
378	383
378	1557
378	1361
378	1542
378	1388
378	1371
378	1348
366	324
366	1246
377	1275
377	652
375	1440
375	1501
359	595
359	368
379	1442
379	1224
379	996
379	358
379	570
379	473
379	1228
379	1278
380	1428
380	235
380	890
380	1025
380	576
380	935
380	1125
381	1054
381	1490
381	383
381	259
381	315
381	643
385	16
385	41
385	470
385	1209
385	345
385	1329
385	1500
385	633
385	343
385	564
385	544
385	437
382	1046
382	1167
382	179
387	1375
387	549
387	1468
387	926
387	1356
387	1285
387	170
387	263
387	86
387	122
387	1568
387	352
387	1253
364	1311
369	711
388	132
388	738
388	31
386	678
389	1461
389	549
389	1172
389	1435
389	95
389	661
389	321
389	447
389	84
389	1499
389	801
383	1091
383	339
383	620
390	482
390	917
393	1030
393	1046
393	400
393	122
393	1656
393	1202
393	1255
393	1363
393	436
393	776
393	757
393	938
393	1354
393	36
393	1544
393	462
393	1679
393	1514
392	937
392	132
392	813
392	1092
392	767
376	690
376	1116
394	1163
394	521
394	314
394	849
394	656
394	1231
391	782
391	995
391	424
391	1366
391	382
398	278
398	590
398	943
398	976
398	420
398	302
398	1452
397	613
397	169
397	1630
397	141
397	185
399	1389
399	993
399	1617
399	964
399	417
399	580
399	220
399	849
399	836
399	337
399	326
399	581
399	1574
396	873
396	1088
396	157
401	492
401	972
401	186
401	502
401	351
401	721
401	171
402	1598
402	955
402	207
384	1291
395	1264
395	578
395	791
353	1150
403	642
403	924
405	1531
405	284
405	343
405	457
405	1193
405	300
405	263
405	280
405	874
405	1324
405	1374
405	333
405	1226
405	1675
405	887
405	338
405	358
405	766
405	1339
405	295
405	1124
405	140
405	835
405	1116
405	134
405	407
405	901
405	111
405	19
405	1376
400	381
406	1679
406	653
406	36
406	967
406	646
406	1481
406	890
406	1323
406	225
406	104
406	1163
406	1373
406	1423
406	1269
407	1370
407	26
407	989
407	1413
407	245
407	361
407	103
407	820
407	1286
407	724
409	1322
409	925
409	227
409	1064
409	1323
409	1119
409	1258
409	1184
409	423
404	798
404	731
413	1350
413	672
416	1191
416	1605
416	1324
416	1110
416	444
416	726
416	1200
416	392
416	526
416	233
416	1658
416	146
416	1371
416	534
416	951
416	139
416	1223
416	352
416	588
416	212
408	250
408	275
410	301
410	1102
411	1227
411	166
411	571
417	813
417	1611
417	227
417	87
417	988
417	888
417	1450
417	1203
417	883
417	1194
417	1531
417	1190
417	430
417	1085
417	829
412	624
412	1147
412	562
420	1041
420	361
422	873
422	90
422	1259
422	479
425	1654
425	162
425	215
425	1395
425	726
425	116
425	182
425	676
425	1152
419	234
419	284
415	1455
423	285
423	1635
423	48
429	503
429	112
429	572
429	440
429	1573
429	699
429	586
429	1251
429	108
429	1315
429	866
429	1356
429	622
429	1400
429	1022
429	1072
429	604
428	197
428	77
428	692
427	1325
427	1196
418	1268
424	1149
424	370
432	1279
432	1253
432	943
421	1329
421	1474
421	836
435	240
435	1553
435	686
435	861
435	1560
435	445
435	326
435	1681
435	419
435	1150
435	1424
435	1175
435	396
435	1139
435	213
435	363
433	167
433	1610
426	1
426	1640
426	287
426	1141
426	1566
436	6
436	1307
436	1383
436	500
436	197
436	685
430	269
430	1178
430	1376
434	1063
434	646
437	669
437	1283
437	648
437	1616
437	1340
437	377
437	549
437	738
437	595
437	841
437	230
438	611
438	546
431	1281
442	16
442	1154
442	933
442	444
442	120
442	634
440	782
440	1474
445	657
445	682
445	777
445	81
445	1190
445	1300
447	1314
447	1419
447	412
447	1267
447	406
447	384
449	1338
449	871
449	1116
450	249
450	1403
450	1068
450	555
450	936
450	1332
450	1180
450	1528
450	1370
450	844
450	810
450	324
450	743
450	1149
450	34
450	1427
450	447
450	1557
450	596
450	261
450	1087
450	623
446	1656
446	1193
439	1021
439	590
451	93
451	174
451	422
451	244
452	1159
452	611
452	1085
452	1004
452	943
452	1157
452	680
452	668
452	60
454	1163
454	565
454	1110
454	1340
454	600
454	1301
454	1553
454	1502
454	652
454	646
453	1200
453	1171
453	514
453	531
453	87
453	43
453	1141
414	1349
455	1134
455	1450
455	689
455	399
455	845
455	1092
455	1365
455	684
444	432
448	514
448	266
457	1635
457	619
457	490
457	701
457	212
457	1035
457	60
457	648
457	1434
457	759
457	398
457	574
456	1596
456	1616
456	1557
456	248
456	1519
456	502
456	698
456	467
456	44
458	1424
458	345
458	401
458	975
458	1111
458	448
458	964
458	714
462	1396
462	751
459	729
459	1487
459	869
459	129
459	1453
460	751
460	666
460	1053
461	1444
467	1417
467	1125
468	335
468	300
468	856
468	1329
468	1195
468	1105
466	1081
466	535
466	781
466	212
466	1409
472	1417
472	1635
472	545
472	632
472	700
472	364
472	409
472	1073
472	693
472	966
472	1422
465	1547
465	1087
465	762
465	298
463	1052
463	871
463	103
463	1185
463	1187
463	717
471	170
471	1303
474	526
474	403
474	72
474	974
474	415
474	993
474	269
474	1415
474	539
474	550
474	1337
474	983
474	43
474	1002
469	222
469	1549
464	582
464	119
464	844
476	229
476	413
476	875
476	1598
478	607
478	875
478	18
478	504
478	1312
473	1608
473	1280
470	985
470	729
470	1228
480	1465
480	617
480	429
441	1210
479	1075
479	239
479	1139
479	346
479	529
479	1111
479	210
479	795
479	1262
484	350
484	357
484	1412
484	942
484	811
484	848
486	1076
486	103
486	603
486	1383
486	356
486	998
486	186
486	888
487	1174
487	379
487	654
487	1005
487	523
487	454
487	811
487	507
487	731
487	1514
482	1341
482	1102
481	967
481	1007
481	1204
492	639
492	424
492	1082
493	426
493	1041
493	158
493	33
493	1306
493	1675
490	918
490	1644
490	1414
489	349
489	636
489	421
489	1384
489	51
483	1257
483	217
483	500
496	856
496	572
496	291
496	637
496	487
496	1406
494	112
494	972
495	844
495	116
495	963
495	5
495	199
495	959
495	1164
495	495
495	366
477	24
477	962
497	247
497	1322
497	425
497	1018
497	43
497	467
497	1451
497	683
497	511
497	494
497	845
497	1566
488	456
488	1303
488	529
488	411
488	379
488	943
488	1033
498	1030
498	1189
498	1187
498	861
498	1634
498	1049
499	1455
499	1394
499	565
499	848
499	1259
491	846
491	132
500	499
500	1592
500	454
500	104
500	270
500	141
500	809
500	1105
500	1403
502	220
502	838
503	206
503	1369
503	1021
503	1242
503	1654
503	314
503	1001
504	1574
504	953
504	1099
504	1215
504	1409
504	707
504	973
504	304
504	1048
504	536
504	1068
505	252
505	1606
505	1209
505	551
505	412
506	1288
506	885
506	734
506	964
506	906
506	1545
506	1438
506	1162
506	753
506	1025
443	1129
507	769
507	713
507	1284
514	463
514	1231
514	523
514	544
514	1087
514	412
514	678
514	628
508	769
508	257
508	719
508	192
511	1391
515	268
515	647
512	323
513	678
475	859
523	490
523	477
523	1142
523	1176
518	956
518	1332
518	110
509	1053
509	1084
516	312
510	859
510	1582
524	1417
524	569
524	1089
524	839
524	1070
524	262
524	1448
524	445
524	783
524	503
524	1355
524	646
524	775
501	1537
501	1243
501	968
525	330
525	1172
525	1291
521	982
521	464
521	211
521	526
521	308
521	1457
520	1387
519	1180
519	693
528	345
528	1517
528	948
532	571
532	1127
532	875
532	787
532	797
532	605
532	1048
532	106
532	1247
532	141
532	472
530	869
530	74
531	855
531	483
529	470
529	80
517	726
517	700
527	538
527	1133
527	1121
527	926
527	673
527	920
485	21
485	1596
533	482
533	159
533	247
533	833
533	1505
533	829
533	518
533	924
533	965
533	189
533	1183
535	54
535	844
535	1530
535	1638
535	964
535	1302
535	406
535	1240
535	715
536	100
536	1419
536	477
536	399
536	1515
536	514
536	162
526	1396
526	795
526	596
537	1382
537	1102
537	1516
537	26
537	1480
537	255
537	798
537	598
537	565
537	816
537	1052
537	1326
537	550
537	1206
537	1137
537	1146
537	526
537	554
537	826
537	1482
534	596
534	1327
534	156
534	891
541	985
541	981
541	1117
541	1201
541	543
541	356
538	279
538	619
538	397
538	93
542	1556
542	970
542	1640
542	290
542	473
542	340
545	518
545	760
545	1657
545	1530
545	1368
545	131
545	1453
539	992
539	112
539	584
547	1439
543	975
543	1446
543	1514
543	374
543	1654
543	429
543	154
543	810
548	138
548	1415
548	480
548	306
548	319
548	108
548	1109
546	1069
546	241
546	1306
522	323
522	158
551	1522
551	457
551	551
551	1430
551	190
551	309
551	350
551	368
551	1486
551	697
551	1599
551	848
551	989
551	1462
544	809
544	1672
553	1042
553	892
553	133
553	1534
552	1639
552	1259
552	231
552	1286
540	828
540	1441
540	1122
554	1122
554	1201
554	356
554	904
554	170
550	292
550	1372
556	805
556	946
559	710
559	1280
559	1467
559	1427
560	1164
560	1364
560	390
560	57
560	1393
561	535
561	920
561	145
561	791
561	934
561	1002
561	1145
561	576
561	1312
561	1465
561	1077
561	982
561	839
561	1328
561	1225
563	1679
563	636
566	1380
566	1141
566	598
566	1634
566	481
566	1611
557	705
557	93
557	132
558	1053
564	1522
564	387
565	163
565	364
573	1267
573	1328
573	1028
549	299
567	111
567	973
567	34
567	275
567	568
567	230
567	846
569	1601
569	1204
569	559
562	1496
562	903
562	122
576	1433
576	519
577	966
577	1194
577	1281
577	1511
577	1126
577	1510
577	494
577	648
579	1355
579	242
579	919
574	1211
574	850
555	66
555	940
555	1662
572	1188
575	1609
575	1003
584	780
588	163
588	251
588	971
588	549
588	1542
588	136
588	1681
588	166
588	972
587	1006
587	176
587	505
587	777
568	559
568	1523
568	1343
568	712
586	1192
586	688
586	694
586	508
586	1226
586	74
586	560
585	284
585	735
585	847
585	1383
582	242
582	589
582	140
591	25
591	587
591	629
591	529
581	948
581	220
592	1506
592	955
592	648
592	626
592	759
592	1242
592	1461
592	1658
592	402
592	369
592	316
592	1392
592	317
592	1490
592	1468
580	964
580	1292
590	1428
590	639
593	829
593	299
593	57
593	800
593	1587
593	329
593	1314
583	878
583	316
596	244
570	1174
599	608
599	630
589	719
589	1233
594	973
597	1239
597	72
578	778
601	1372
601	1036
601	190
601	1033
601	1201
601	1109
602	1323
602	166
600	450
600	1149
600	1443
600	577
605	422
605	509
605	1288
605	1451
603	1209
603	1222
595	573
595	1387
595	306
595	864
606	368
606	632
606	34
606	371
606	1389
606	275
606	223
606	1477
606	577
606	784
608	1196
608	1004
608	634
608	833
608	1033
608	392
608	809
607	556
607	279
610	601
610	1301
610	926
611	1213
611	350
617	137
617	877
617	451
617	264
617	697
618	345
618	1487
618	1446
618	1160
618	28
618	1516
618	1595
618	1592
618	455
614	92
614	134
609	1096
609	586
615	852
615	833
615	1226
615	112
615	1418
616	633
616	1475
620	435
620	828
620	798
620	97
620	984
571	1464
619	286
619	929
619	215
619	468
613	1012
613	849
622	21
622	1315
622	147
622	874
622	1027
622	1471
622	1254
622	626
622	1419
622	1189
621	1362
621	146
621	1153
621	680
621	124
621	1306
621	1506
604	1418
604	381
624	533
624	5
624	1219
624	1276
624	231
624	1482
612	185
612	1664
627	1324
627	1019
627	1097
627	502
627	1681
627	492
627	394
627	1001
623	583
623	219
628	375
628	309
625	764
625	1330
625	931
625	959
625	377
629	633
629	970
629	1482
629	388
629	1342
633	447
633	981
633	1470
632	113
632	1052
632	928
632	1174
632	107
631	1103
634	1363
634	832
634	156
634	1511
634	1410
634	30
639	187
639	544
639	531
639	1016
639	776
639	583
630	390
630	1431
630	1411
630	837
630	1456
642	1341
642	325
642	903
642	1024
642	976
642	899
642	1300
642	315
642	837
642	1389
642	492
642	329
642	1110
637	1383
637	488
637	187
637	180
637	798
640	594
640	238
640	1619
640	1463
640	1044
626	570
626	1559
643	794
643	974
643	1119
643	984
643	401
643	455
643	1338
643	819
643	1387
598	570
638	373
638	72
638	1343
635	281
635	633
644	796
644	594
636	732
645	1042
645	128
645	130
645	944
645	460
648	1455
648	534
648	577
648	737
648	1384
648	1012
648	1436
648	757
648	198
648	1365
648	747
648	1266
647	144
647	1542
647	894
650	522
650	1524
650	967
650	1673
650	1550
650	190
650	821
650	840
650	958
650	146
650	563
650	871
650	349
651	830
654	196
654	663
654	752
654	1124
654	1609
654	547
653	1619
653	1329
653	1430
653	1362
653	609
653	592
653	328
653	1351
653	1395
653	660
653	825
653	26
655	207
655	351
655	565
655	419
655	1182
655	340
655	924
655	1414
655	1064
655	752
655	221
655	253
655	151
655	452
655	680
655	1323
655	338
655	71
655	552
655	259
655	486
655	1207
655	1497
655	109
655	1115
655	580
655	78
655	387
649	416
658	781
658	569
658	568
656	465
660	1197
660	396
660	611
660	1409
660	409
660	251
660	1147
660	734
660	1491
659	1643
659	1502
659	587
659	65
659	664
659	398
659	184
659	1090
646	859
646	588
663	1204
663	19
663	1203
663	1285
663	1623
663	137
663	1400
664	365
664	167
664	729
664	1005
664	488
664	632
664	253
657	710
657	781
665	315
665	938
665	1654
665	321
665	712
665	689
666	614
666	1558
666	476
666	712
666	667
666	1480
666	571
666	1515
666	679
666	1205
661	1303
661	895
661	923
661	578
661	658
662	384
667	766
667	388
641	1394
641	415
668	757
668	1410
673	1181
673	495
671	958
671	1559
671	1042
671	585
671	104
669	854
669	796
669	632
669	123
676	1480
676	679
676	906
676	214
674	463
674	646
652	1589
677	1114
677	362
682	1014
682	1417
682	1064
682	1060
682	503
682	436
682	915
682	590
682	1071
682	1443
682	521
682	1392
682	736
682	1349
682	353
682	1171
679	578
679	180
679	1481
684	738
684	1286
684	1174
684	1376
685	1541
683	1606
683	1578
683	266
691	669
691	403
672	286
672	94
692	1191
692	772
690	728
690	865
690	1020
690	1133
690	61
689	741
689	1306
686	1077
686	512
686	229
693	873
693	198
693	296
693	1314
693	642
693	553
693	786
688	540
697	865
697	1339
697	652
697	878
697	432
698	49
698	1046
698	1086
698	140
698	1129
698	1440
670	918
670	146
694	995
694	344
694	1141
694	440
694	1226
694	860
694	1344
680	1424
680	283
705	1466
705	1516
705	870
705	180
705	14
701	1679
701	398
699	965
699	428
699	940
699	438
699	1629
699	1178
704	1160
704	424
704	36
704	799
707	872
707	401
707	1510
707	1487
707	1261
707	1348
707	680
707	1366
707	958
707	1172
700	535
687	1309
695	486
695	1128
675	88
675	871
708	800
708	1296
708	847
708	664
708	549
709	500
709	490
709	1639
709	1474
709	1107
709	468
711	511
711	103
711	1475
711	159
711	1512
711	1338
711	1448
711	351
711	262
710	848
710	98
710	688
710	1421
712	802
712	1070
712	1025
712	1389
712	340
712	708
712	351
715	1533
715	1147
715	579
715	906
715	874
715	846
715	78
713	728
713	1090
716	1389
716	160
716	476
716	1442
716	1058
716	1027
716	990
716	1548
716	947
716	1662
716	1128
681	1294
678	799
678	1151
719	822
719	141
719	23
702	1414
702	1227
721	225
721	128
721	124
721	851
721	363
721	1434
721	1655
714	1657
714	883
717	631
717	657
717	616
717	1232
718	401
718	1160
696	1298
696	1037
722	939
722	236
724	1381
724	1435
724	1416
724	1537
727	583
727	1490
727	791
727	1137
727	857
727	309
727	1234
727	1450
727	508
727	727
727	166
727	359
727	1609
725	1211
706	988
706	141
720	1050
720	145
729	1382
726	1599
728	847
728	1123
703	979
703	638
738	924
738	735
738	1148
738	619
738	1224
738	875
736	310
734	1352
734	1105
734	1368
730	1336
730	747
743	1027
743	1184
742	983
742	968
737	668
737	441
733	1102
733	558
733	140
733	412
733	855
745	362
745	777
745	624
740	658
735	414
735	403
735	435
747	1549
747	1401
747	1585
747	1639
747	561
747	369
747	1595
747	298
747	1168
747	986
747	453
747	626
723	740
739	635
739	1662
749	602
749	1258
749	981
749	779
749	990
749	106
749	441
749	588
749	452
749	500
749	856
749	654
749	722
748	1122
748	1385
748	950
748	422
748	1082
746	797
746	145
746	830
731	1510
731	508
731	399
731	964
750	1288
750	524
741	1652
741	554
741	1068
741	205
741	1212
751	1174
751	827
751	1300
751	1502
751	1307
751	1112
751	1641
756	956
756	414
756	1551
756	41
756	19
757	1548
757	966
757	1557
757	503
757	1629
757	868
757	1216
752	1643
752	1067
752	1279
758	513
758	142
758	1511
758	271
758	773
758	923
758	1644
758	255
758	598
758	795
758	1246
758	380
758	1315
758	1444
758	1492
732	287
762	1655
744	50
744	578
754	790
754	1170
753	1418
753	517
753	1522
763	1530
763	585
763	214
763	1337
763	578
763	1399
764	1258
764	658
764	834
764	198
764	63
767	1375
767	1503
769	895
769	1118
755	604
755	187
771	1195
771	132
771	101
768	404
768	754
768	1231
773	1104
773	1600
773	1207
773	820
773	445
773	754
773	1469
765	229
772	1029
772	685
766	204
766	1091
766	1051
766	970
766	1587
766	762
766	311
774	1164
774	907
774	878
774	85
774	63
774	796
774	1560
774	156
774	1567
760	1472
760	1157
761	973
761	1060
761	179
777	120
777	1015
759	599
759	1166
776	705
776	14
776	1373
776	546
776	755
780	680
780	375
780	1369
779	825
779	214
778	935
778	909
778	1257
782	641
782	944
782	1418
782	1165
782	991
782	180
782	1084
782	280
782	1015
782	815
786	366
786	551
786	742
786	1305
786	722
784	779
784	1510
770	317
770	965
770	1223
788	1484
788	224
788	1247
788	1243
788	33
788	1596
788	688
788	659
788	466
788	1034
789	999
789	621
790	468
790	811
790	647
790	1203
790	419
790	761
790	1405
790	1517
790	938
790	1640
787	1164
787	1023
787	1632
783	1235
783	405
785	1173
785	444
794	1022
794	715
781	766
781	1463
796	244
796	1137
796	30
796	587
796	441
796	635
796	1298
796	1424
796	1497
796	674
796	528
796	802
796	11
796	1416
796	1457
795	1521
795	1012
795	292
795	285
795	1396
795	565
795	1384
793	1184
793	581
793	1561
798	907
798	1022
798	1237
798	189
798	1467
798	633
798	915
798	277
798	1417
798	48
791	1308
802	621
802	1436
802	417
800	1177
800	1322
804	1169
804	1479
804	233
804	1278
804	1656
804	1351
804	416
804	1612
804	645
804	1623
804	315
804	42
804	461
804	1639
803	805
803	1608
775	318
775	442
792	1137
792	293
799	1554
805	1049
805	483
805	1099
805	251
805	870
805	286
805	846
805	972
805	907
805	1039
805	574
806	1412
806	1636
806	143
806	542
806	1077
806	1033
807	1452
807	727
807	1102
807	55
807	976
807	1672
807	507
807	509
807	1197
797	1164
797	392
801	73
801	1112
809	1515
815	1373
815	701
815	1351
815	249
815	1145
815	30
815	540
815	857
817	1020
817	169
821	265
821	332
821	1118
818	516
814	903
814	599
812	1424
823	508
823	974
823	686
823	132
823	1510
823	1635
823	440
823	110
825	1024
825	1152
825	623
825	995
825	1170
825	1165
827	1042
827	805
829	812
829	875
829	326
811	1116
830	1366
830	120
830	797
830	674
830	846
826	876
826	1185
826	550
826	1392
826	338
831	55
831	216
831	1566
819	619
819	937
828	750
828	733
828	1049
828	298
828	177
808	1186
835	450
835	238
835	824
835	201
835	476
833	1681
833	867
833	283
833	1076
833	1560
833	1433
833	1233
833	1281
833	297
833	1162
833	17
836	1050
836	958
816	260
838	1183
838	363
838	604
838	518
839	743
839	810
839	322
840	703
840	811
840	1365
840	596
840	1343
840	867
840	924
840	1396
832	1329
810	106
810	611
844	1253
844	308
844	1054
844	1469
843	334
843	1470
843	1604
843	1136
843	1675
843	1333
843	213
843	926
843	978
834	698
834	1307
834	689
846	1215
846	980
846	1329
846	326
846	618
846	777
846	804
846	1089
846	1011
846	1010
846	1293
846	1619
846	855
846	533
846	825
846	538
846	686
837	1122
837	393
813	1518
813	30
842	511
842	1151
847	1003
847	1422
847	976
847	158
847	206
847	209
848	870
848	816
848	85
848	732
848	1479
848	1606
822	1344
852	1024
852	810
851	140
851	1296
851	1140
851	1133
851	441
851	253
851	16
851	97
851	303
849	250
854	85
854	1114
854	280
854	1343
854	157
854	468
854	618
854	1475
854	1451
850	837
850	5
850	112
858	1245
853	605
853	610
855	1148
824	1487
845	710
845	1450
841	360
841	167
859	714
859	616
862	747
862	1275
862	899
862	1566
862	438
862	404
862	1185
856	1554
856	899
820	759
863	1170
863	532
863	8
863	1228
863	1615
860	842
860	297
860	942
857	86
864	485
864	307
864	60
864	264
864	1488
864	1587
864	520
864	1190
864	700
864	440
864	272
864	376
865	829
865	752
865	135
868	831
868	331
868	58
868	140
868	934
868	1435
868	448
868	1127
868	295
867	189
867	999
867	1200
867	142
861	212
861	755
870	1361
870	206
870	1540
870	1384
870	801
870	795
870	418
870	790
870	562
870	1439
870	585
871	409
871	1439
871	903
871	706
871	1094
875	1298
875	1303
875	203
875	1063
876	1561
872	414
872	1371
872	1079
866	762
877	1657
877	1495
877	134
877	1602
873	462
880	1534
880	1456
880	1192
880	1072
880	993
880	670
880	83
880	984
880	1214
880	207
880	875
880	1679
880	1114
880	1350
880	701
878	1227
878	1310
878	46
878	884
878	148
878	831
869	659
869	398
881	1243
881	866
881	53
881	629
881	1144
881	241
881	1375
881	1108
881	1355
881	1071
881	1532
879	935
879	82
883	1675
883	163
883	468
883	1166
883	899
883	394
883	1387
883	1660
883	1574
883	408
883	1629
882	720
882	1027
882	564
882	950
882	579
882	479
884	759
884	1294
886	360
886	1131
886	766
886	1376
886	547
886	1327
886	1034
886	629
886	1486
886	1283
885	1172
885	390
885	1244
885	1529
885	467
889	517
889	293
889	15
889	807
889	1386
889	714
889	1401
889	397
889	1262
889	1344
889	1294
889	255
889	1334
889	580
874	644
874	716
892	1371
892	563
892	327
892	1332
892	621
892	733
892	1502
892	681
892	1017
892	256
890	836
890	392
890	1539
890	816
890	1218
893	1348
893	135
893	966
887	1607
887	1201
887	1244
887	1456
887	1568
887	962
887	936
891	885
891	105
894	1234
894	163
894	1116
894	338
894	1313
894	1081
894	880
894	85
894	1005
894	1030
896	948
896	1114
896	780
896	1411
896	939
896	1382
896	688
896	1478
896	440
896	1080
896	1089
896	1169
896	1663
896	697
896	757
897	1296
897	1225
897	774
897	574
897	581
897	314
897	834
897	775
901	543
901	109
901	573
901	1261
901	1658
899	1453
899	1606
899	1483
899	1362
899	142
899	446
903	246
903	413
903	1172
903	1444
903	1290
903	18
904	668
904	212
907	1320
907	82
907	1186
907	1315
907	1341
907	383
905	682
905	145
902	531
902	220
898	942
898	1009
895	876
906	472
906	1509
900	1217
900	1102
908	502
908	1065
908	240
916	515
916	1418
916	439
916	1617
916	2
916	62
916	672
916	343
916	726
916	1638
916	73
916	1657
916	880
911	44
911	13
911	79
911	976
912	372
912	1462
912	119
914	186
918	1316
918	1560
918	613
918	259
918	809
919	857
919	43
919	1363
919	578
919	1511
919	266
919	188
919	1290
919	484
921	1537
921	48
921	722
921	554
921	731
910	531
910	943
910	1054
913	242
913	1244
913	1258
913	1350
913	521
913	786
915	392
915	575
922	1254
922	1380
922	801
922	554
922	566
922	1623
923	1438
923	31
923	524
928	1051
928	1021
927	1152
927	297
927	416
927	1505
927	1519
924	375
924	1148
924	1285
924	484
929	1601
929	973
931	381
931	882
931	228
917	1076
917	553
932	1006
932	1330
932	563
932	769
932	239
932	693
932	1528
932	577
932	279
932	187
909	1105
909	172
934	1189
934	194
934	1162
934	607
934	504
934	221
934	27
933	1118
933	1196
933	993
933	1105
933	31
933	1000
933	332
933	1681
935	903
935	1311
938	357
938	801
938	188
938	515
938	691
940	755
940	1307
940	1005
940	94
940	855
888	996
925	1078
925	221
942	992
942	841
942	186
942	1248
937	1273
937	573
926	699
943	1002
943	380
943	340
943	961
943	436
943	1530
943	140
939	98
939	1555
936	1030
936	1430
936	1516
936	229
936	830
936	492
930	1093
930	44
930	1046
920	809
920	935
941	1139
