196	515	0
196	1258	0
186	1011	0
186	297	0
186	560	0
186	851	0
22	155	0
22	1315	0
22	741	0
22	928	0
22	976	0
22	879	0
244	1067	0
244	1324	0
244	868	0
244	1578	0
244	1266	0
244	1214	0
244	1523	0
244	38	0
244	928	0
244	1316	0
166	486	0
298	685	0
298	494	0
298	618	0
298	226	0
298	1268	0
298	1097	0
115	520	0
115	1051	0
115	412	0
115	1206	0
253	252	0
253	977	0
253	1319	0
253	123	0
305	1301	0
305	833	0
305	1105	0
305	430	0
305	1373	0
305	662	0
305	1435	0
305	1178	0
305	1296	0
6	947	0
6	718	0
6	162	0
6	1068	0
6	1317	0
6	1438	0
6	865	0
6	1049	0
6	1256	0
62	522	0
62	140	0
62	1184	0
62	858	0
62	468	0
62	146	0
62	1414	0
62	1214	0
62	1495	0
62	1467	0
286	420	0
286	768	0
286	1557	0
286	886	0
286	1321	0
286	1641	0
286	1392	0
286	928	0
286	936	0
286	370	0
286	624	0
286	346	0
200	73	0
200	712	0
200	768	0
200	1034	0
200	545	0
200	1610	0
200	1190	0
200	1017	0
200	149	0
210	1393	0
210	1545	0
210	624	0
210	261	0
210	335	0
210	825	0
224	263	0
224	1328	0
224	802	0
224	1011	0
224	506	0
224	409	0
303	978	0
303	711	0
303	1623	0
303	400	0
303	1441	0
303	1639	0
303	1074	0
303	728	0
303	1489	0
303	1444	0
303	561	0
303	951	0
303	801	0
303	816	0
303	560	0
303	1548	0
303	1477	0
303	1081	0
303	1263	0
303	1542	0
122	1440	0
122	1071	0
122	1362	0
194	65	0
194	726	0
194	1436	0
194	1125	0
194	1452	0
194	1652	0
194	408	0
194	861	0
194	395	0
194	251	0
194	1371	0
194	1058	0
194	1272	0
291	199	0
291	115	0
291	1262	0
291	1390	0
291	197	0
291	281	0
291	297	0
291	1295	0
291	633	0
291	946	0
291	607	0
291	1516	0
234	1165	0
234	1180	0
234	1045	0
234	439	0
234	1197	0
234	954	0
234	225	0
234	781	0
234	1489	0
234	272	0
234	597	0
234	728	0
234	1581	0
234	780	0
234	1019	0
234	862	0
234	1664	0
234	1433	0
234	691	0
234	680	0
119	1392	0
119	969	0
119	218	0
119	1191	0
119	1606	0
119	1485	0
119	34	0
119	1344	0
167	952	0
167	1314	0
167	720	0
299	1605	0
299	1331	0
299	64	0
299	1010	0
299	2	0
299	361	0
299	868	0
299	183	0
299	1454	0
299	1144	0
299	992	0
299	27	0
308	1471	0
308	1199	0
308	1430	0
308	1144	0
308	260	0
308	524	0
308	384	0
308	148	0
308	271	0
308	1641	0
308	1058	0
308	1390	0
308	630	0
308	1392	0
308	220	0
308	620	0
95	1024	0
95	116	0
95	1290	0
95	746	0
95	559	0
95	305	0
95	944	0
95	723	0
95	1407	0
95	1324	0
95	750	0
95	1369	0
38	862	0
38	1541	0
38	531	0
38	277	0
38	859	0
102	819	0
102	1101	0
102	706	0
102	90	0
102	1199	0
102	952	0
102	919	0
102	1244	0
102	633	0
63	364	0
63	1119	0
63	1143	0
63	880	0
160	1465	0
160	1193	0
160	1398	0
160	555	0
160	666	0
50	1191	0
301	149	0
301	1045	0
301	1357	0
301	1192	0
301	1014	0
301	925	0
301	489	0
301	1252	0
301	832	0
301	659	0
301	486	0
225	1210	0
225	1076	0
290	880	0
290	303	0
290	1152	0
290	1450	0
290	1292	0
290	620	0
97	695	0
97	58	0
97	596	0
157	1539	0
157	231	0
157	197	0
181	657	0
181	556	0
181	421	0
181	947	0
181	409	0
181	438	0
181	568	0
181	550	0
181	82	0
181	515	0
181	454	0
181	1469	0
181	1286	0
181	239	0
181	780	0
181	1612	0
181	180	0
181	1567	0
278	198	0
276	1361	0
276	1217	0
276	264	0
276	574	0
276	1535	0
276	599	0
276	1596	0
276	178	0
276	861	0
276	452	0
276	947	0
276	313	0
276	1607	0
276	355	0
276	1654	0
276	1411	0
276	286	0
276	1085	0
276	131	0
276	1205	0
276	1242	0
7	1573	0
7	222	0
7	1113	0
7	697	0
7	958	0
7	1529	0
7	1606	0
7	793	0
7	74	0
7	247	0
7	955	0
7	73	0
7	1489	0
7	1090	0
7	842	0
7	936	0
7	1117	0
10	144	0
10	607	0
10	1559	0
10	1500	0
10	281	0
10	1344	0
10	88	0
10	375	0
284	1336	0
284	963	0
201	925	0
201	1030	0
201	491	0
201	1022	0
201	1302	0
201	1556	0
201	532	0
201	1652	0
201	993	0
201	818	0
201	309	0
201	1384	0
201	966	0
201	1053	0
201	126	0
201	1496	0
287	647	0
287	762	0
287	1108	0
246	753	0
246	700	0
246	1163	0
246	534	0
246	1022	0
246	313	0
246	892	0
246	190	0
242	466	0
249	652	0
249	720	0
249	254	0
249	940	0
249	1071	0
249	1283	0
249	397	0
99	1328	0
99	1051	0
99	222	0
99	1172	0
99	782	0
99	1274	0
178	740	0
178	995	0
178	1181	0
178	380	0
178	343	0
178	702	0
178	1111	0
178	618	0
178	929	0
178	1256	0
178	1303	0
251	738	0
251	501	0
251	673	0
251	824	0
81	656	0
81	134	0
81	1548	0
260	16	0
25	878	0
25	594	0
25	987	0
25	287	0
59	1139	0
59	1179	0
59	1419	0
59	678	0
59	1032	0
59	1144	0
59	221	0
59	1123	0
59	226	0
59	690	0
59	1076	0
59	449	0
59	832	0
59	43	0
59	53	0
59	255	0
72	877	0
72	1096	0
72	619	0
72	1488	0
72	1392	0
72	300	0
87	569	0
87	1245	0
87	257	0
87	19	0
87	627	0
87	1527	0
87	1274	0
87	841	0
87	249	0
42	1558	0
42	850	0
42	400	0
42	580	0
42	92	0
42	56	0
42	1127	0
42	469	0
292	1658	0
292	1103	0
292	280	0
292	1428	0
292	1468	0
20	375	0
20	1436	0
13	1468	0
13	1454	0
13	122	0
13	1418	0
13	284	0
13	964	0
13	232	0
13	295	0
13	536	0
13	1491	0
13	206	0
13	1617	0
13	166	0
13	1462	0
13	698	0
13	456	0
13	971	0
13	1053	0
13	1369	0
13	366	0
13	1522	0
13	1270	0
13	1311	0
13	1493	0
13	1175	0
13	1046	0
138	1335	0
138	1035	0
138	939	0
60	75	0
60	796	0
60	1410	0
60	573	0
60	1204	0
60	685	0
60	1163	0
60	777	0
60	858	0
57	997	0
57	673	0
57	459	0
57	1153	0
57	1197	0
223	1297	0
223	965	0
223	206	0
223	389	0
223	1348	0
189	891	0
189	1176	0
189	1263	0
189	932	0
189	635	0
189	458	0
189	1193	0
189	299	0
243	1075	0
243	1082	0
243	43	0
243	880	0
92	416	0
92	1128	0
92	397	0
92	336	0
92	668	0
92	1063	0
92	1184	0
92	909	0
92	1276	0
92	1574	0
92	1245	0
92	970	0
92	1338	0
92	641	0
92	1189	0
92	980	0
241	603	0
254	680	0
254	889	0
254	1257	0
254	947	0
254	1159	0
254	1459	0
254	914	0
293	413	0
293	810	0
293	923	0
293	976	0
293	1429	0
293	268	0
293	853	0
293	1676	0
293	1300	0
293	664	0
293	671	0
293	1122	0
293	406	0
293	525	0
293	731	0
293	1066	0
127	766	0
222	538	0
222	360	0
222	984	0
222	674	0
222	394	0
222	1483	0
222	354	0
222	103	0
222	867	0
222	1491	0
222	995	0
222	438	0
222	299	0
222	760	0
222	1015	0
222	1445	0
267	967	0
267	287	0
267	505	0
267	660	0
267	1286	0
267	1165	0
267	137	0
267	1203	0
11	101	0
11	1031	0
11	563	0
11	1048	0
11	813	0
11	218	0
11	200	0
11	130	0
8	515	0
8	1064	0
8	642	0
162	1531	0
162	1160	0
279	474	0
279	1462	0
279	1208	0
279	468	0
279	1198	0
279	1605	0
279	651	0
279	1043	0
279	692	0
279	1058	0
279	1501	0
279	1374	0
279	819	0
279	611	0
279	1332	0
279	1201	0
279	815	0
279	1363	0
145	1378	0
145	1007	0
145	1336	0
145	1435	0
145	675	0
145	153	0
145	1229	0
145	797	0
145	792	0
145	142	0
145	914	0
145	753	0
145	1221	0
28	822	0
28	1336	0
28	1368	0
28	1530	0
135	1461	0
135	948	0
135	947	0
32	864	0
32	423	0
90	765	0
90	1489	0
90	870	0
90	439	0
90	626	0
90	1643	0
90	76	0
90	1085	0
90	873	0
90	1252	0
90	1478	0
90	520	0
216	1063	0
216	929	0
216	842	0
216	967	0
216	116	0
216	1056	0
250	821	0
250	1474	0
250	1499	0
250	533	0
250	1533	0
271	865	0
271	843	0
271	801	0
271	949	0
271	262	0
271	993	0
271	382	0
271	1091	0
271	1320	0
271	1013	0
271	299	0
271	1239	0
265	527	0
265	885	0
198	1260	0
198	834	0
198	1213	0
198	448	0
198	1020	0
198	542	0
198	504	0
198	1154	0
168	340	0
168	849	0
168	1115	0
110	1471	0
110	1549	0
110	1552	0
110	438	0
110	445	0
110	784	0
58	823	0
58	1657	0
58	1272	0
58	417	0
58	252	0
58	1670	0
58	1490	0
237	346	0
237	590	0
94	1318	0
94	1609	0
94	649	0
94	1063	0
94	409	0
94	517	0
94	1553	0
94	1660	0
94	333	0
94	108	0
94	882	0
94	350	0
94	1036	0
94	958	0
94	836	0
94	964	0
128	955	0
128	61	0
128	395	0
128	230	0
128	89	0
128	502	0
128	983	0
128	758	0
44	770	0
44	224	0
44	1194	0
44	690	0
44	523	0
44	1038	0
44	1609	0
264	1335	0
264	1453	0
264	846	0
264	1149	0
264	516	0
41	1174	0
41	323	0
41	1026	0
82	791	0
82	745	0
82	90	0
82	549	0
82	1315	0
82	1442	0
82	287	0
262	646	0
262	1676	0
262	1279	0
262	429	0
262	212	0
262	619	0
262	206	0
174	792	0
174	1331	0
174	860	0
174	854	0
174	808	0
174	1425	0
174	718	0
174	83	0
43	1451	0
43	586	0
43	1139	0
43	1246	0
43	1127	0
43	476	0
43	1407	0
43	442	0
43	875	0
84	978	0
84	198	0
84	975	0
269	1643	0
269	757	0
269	1456	0
269	609	0
269	588	0
269	1033	0
269	332	0
269	783	0
269	36	0
269	929	0
269	585	0
269	466	0
269	1538	0
259	690	0
259	123	0
85	718	0
85	726	0
85	1164	0
85	972	0
85	1639	0
85	1542	0
85	817	0
85	1212	0
85	422	0
85	1371	0
85	1464	0
85	1467	0
213	51	0
213	322	0
213	104	0
213	621	0
213	1337	0
213	408	0
121	1226	0
121	1560	0
121	619	0
49	1655	0
49	424	0
49	1096	0
49	1382	0
49	848	0
49	415	0
49	1406	0
49	1210	0
49	350	0
155	604	0
68	843	0
68	1468	0
172	1199	0
172	67	0
19	717	0
268	1265	0
268	1012	0
268	1166	0
268	1011	0
268	1474	0
268	1416	0
268	617	0
268	491	0
268	414	0
268	487	0
268	1299	0
268	37	0
268	766	0
268	538	0
5	1548	0
5	118	0
5	53	0
5	335	0
5	1444	0
5	166	0
5	129	0
80	1384	0
80	1281	0
66	403	0
66	846	0
18	827	0
18	586	0
18	815	0
18	1105	0
18	998	0
18	942	0
18	767	0
18	1415	0
18	365	0
18	1073	0
18	627	0
18	899	0
26	1622	0
26	199	0
26	1028	0
26	501	0
26	658	0
130	1497	0
130	139	0
130	340	0
130	1515	0
130	973	0
130	1620	0
130	314	0
130	1161	0
130	1259	0
130	599	0
130	1052	0
130	1368	0
130	263	0
130	1524	0
130	108	0
256	1162	0
256	1035	0
256	1386	0
256	514	0
256	377	0
256	970	0
256	1155	0
256	156	0
256	797	0
1	1096	0
1	1464	0
1	946	0
1	1121	0
1	1631	0
1	704	0
1	1090	0
1	1191	0
1	1094	0
1	406	0
1	312	0
56	892	0
56	1355	0
56	622	0
56	589	0
56	387	0
56	103	0
56	1446	0
56	1152	0
15	1078	0
15	1149	0
15	1456	0
15	224	0
15	1623	0
207	1067	0
207	415	0
207	460	0
207	829	0
207	221	0
207	1077	0
207	493	0
207	103	0
207	918	0
207	1452	0
232	1608	0
232	1083	0
232	1626	0
232	970	0
52	271	0
52	491	0
52	1492	0
161	1098	0
161	1147	0
161	404	0
148	1164	0
148	651	0
148	1060	0
125	1104	0
125	704	0
125	573	0
125	1256	0
125	757	0
125	1176	0
125	1196	0
125	715	0
83	42	0
83	328	0
83	1378	0
83	922	0
83	490	0
83	1545	0
83	422	0
272	1298	0
272	325	0
272	1595	0
151	1468	0
151	1404	0
151	833	0
151	1276	0
151	708	0
151	1537	0
151	262	0
151	855	0
151	1202	0
151	594	0
151	1611	0
151	732	0
151	389	0
54	1212	0
54	1049	0
54	1267	0
16	390	0
16	169	0
16	650	0
16	824	0
16	344	0
16	715	0
91	428	0
91	741	0
91	10	0
91	95	0
294	39	0
294	329	0
294	1318	0
294	1527	0
294	1034	0
294	604	0
229	1573	0
229	204	0
36	52	0
70	42	0
70	1031	0
70	1083	0
70	262	0
70	1339	0
70	930	0
14	1284	0
14	550	0
14	171	0
14	227	0
295	376	0
295	255	0
295	401	0
295	366	0
295	1282	0
295	1327	0
295	754	0
295	1240	0
233	1116	0
233	341	0
233	830	0
233	1331	0
233	1085	0
214	808	0
214	417	0
214	445	0
214	1561	0
214	1010	0
214	202	0
192	114	0
192	695	0
100	512	0
100	1133	0
100	738	0
307	248	0
307	882	0
307	610	0
307	924	0
307	525	0
297	1479	0
297	700	0
297	959	0
297	682	0
297	749	0
297	439	0
297	375	0
297	1266	0
193	1364	0
193	526	0
193	818	0
193	945	0
193	1110	0
113	1528	0
113	55	0
113	1370	0
275	1379	0
275	1237	0
275	1589	0
275	1599	0
219	1551	0
219	418	0
218	119	0
218	1090	0
218	1480	0
123	823	0
123	76	0
123	1357	0
158	766	0
158	1232	0
158	537	0
158	191	0
158	1409	0
158	421	0
158	269	0
302	373	0
23	1008	0
23	125	0
23	65	0
23	108	0
23	894	0
23	1055	0
23	1192	0
296	169	0
296	1108	0
296	1173	0
296	1351	0
296	21	0
296	1128	0
33	1151	0
154	1589	0
154	653	0
154	853	0
77	223	0
77	149	0
77	82	0
270	644	0
270	1086	0
270	879	0
270	297	0
270	1502	0
270	369	0
187	1024	0
187	472	0
187	886	0
170	1170	0
101	171	0
101	762	0
101	1663	0
184	409	0
184	1402	0
184	232	0
184	35	0
184	1275	0
184	49	0
184	1466	0
184	862	0
184	1472	0
184	1110	0
184	548	0
112	423	0
112	255	0
133	505	0
133	1552	0
215	1262	0
215	501	0
215	691	0
215	1254	0
69	337	0
69	1084	0
69	1452	0
104	620	0
104	1290	0
104	1380	0
104	47	0
104	1266	0
240	96	0
144	1446	0
144	1100	0
144	164	0
144	693	0
144	1119	0
144	44	0
144	753	0
144	663	0
144	1230	0
191	1024	0
191	1195	0
61	1238	0
142	933	0
142	962	0
177	912	0
177	562	0
177	717	0
177	1360	0
177	1443	0
203	432	0
203	1531	0
21	360	0
21	90	0
21	284	0
21	28	0
21	1173	0
21	1490	0
21	1004	0
21	1339	0
197	223	0
197	614	0
197	1064	0
197	1292	0
197	166	0
134	956	0
180	23	0
180	1493	0
180	1269	0
236	1357	0
236	804	0
236	1162	0
236	1368	0
236	1389	0
263	759	0
263	1448	0
263	244	0
263	1286	0
263	549	0
109	1257	0
109	696	0
109	381	0
109	1662	0
109	1437	0
109	403	0
109	1220	0
109	328	0
109	1141	0
109	1551	0
64	1293	0
64	46	0
64	1433	0
64	207	0
64	191	0
64	585	0
64	488	0
64	1266	0
114	1304	0
114	1376	0
239	967	0
239	229	0
239	446	0
239	1018	0
239	66	0
239	798	0
239	1353	0
117	86	0
117	53	0
117	247	0
117	400	0
65	1328	0
65	858	0
65	394	0
65	786	0
137	1507	0
137	1115	0
257	937	0
257	875	0
257	4	0
111	1554	0
285	1413	0
285	1351	0
96	887	0
96	92	0
96	186	0
116	1414	0
116	1247	0
116	1454	0
116	771	0
116	514	0
116	1482	0
73	1278	0
73	1483	0
73	384	0
221	266	0
221	627	0
221	1456	0
221	103	0
221	1053	0
221	587	0
235	1551	0
235	1567	0
235	559	0
235	1196	0
164	1294	0
164	40	0
164	292	0
281	1496	0
281	1187	0
182	1605	0
182	467	0
129	276	0
129	1141	0
45	380	0
45	359	0
131	1357	0
131	17	0
230	1350	0
230	242	0
230	274	0
230	222	0
230	637	0
230	1075	0
126	127	0
126	750	0
231	42	0
280	309	0
280	1093	0
280	1324	0
280	6	0
280	1398	0
280	1402	0
280	1053	0
280	46	0
280	393	0
280	1393	0
280	598	0
288	21	0
288	349	0
288	181	0
152	860	0
152	746	0
152	1126	0
152	1483	0
152	338	0
217	940	0
217	984	0
217	99	0
217	1129	0
79	1113	0
79	82	0
79	1612	0
75	1378	0
75	622	0
75	544	0
75	511	0
245	1061	0
282	769	0
78	1617	0
118	919	0
118	10	0
118	321	0
283	1139	0
283	89	0
283	587	0
171	259	0
171	235	0
107	551	0
226	582	0
226	1221	0
306	999	0
306	1200	0
173	1414	0
173	129	0
185	1228	0
185	135	0
150	154	0
150	1041	0
274	927	0
274	719	0
274	124	0
188	1554	0
188	876	0
188	693	0
188	1332	0
188	1259	0
48	235	0
48	1533	0
48	750	0
311	299	0
311	9	0
311	1229	0
311	561	0
311	1675	0
311	1051	0
311	717	0
311	1127	0
311	1398	0
311	1230	0
311	820	0
311	1592	0
165	404	0
165	878	0
208	1186	0
208	822	0
2	650	0
2	1229	0
2	735	0
205	1506	0
248	1627	0
248	1331	0
248	1293	0
93	1555	0
159	725	0
159	777	0
159	159	0
159	52	0
159	885	0
146	879	0
146	1104	0
29	630	0
29	904	0
156	497	0
156	612	0
37	1155	0
37	1449	0
37	671	0
141	1097	0
141	365	0
141	794	0
141	1413	0
141	1066	0
195	1596	0
195	27	0
195	520	0
195	1279	0
108	1059	0
108	513	0
47	744	0
255	729	0
255	888	0
255	319	0
255	1228	0
89	176	0
89	605	0
89	1181	0
89	1278	0
140	100	0
190	1547	0
190	364	0
190	990	0
24	765	0
24	847	0
24	1657	0
17	116	0
17	880	0
313	955	0
313	284	0
313	879	0
313	1011	0
313	907	0
313	524	0
313	813	0
313	1068	0
313	1158	0
313	1192	0
313	1399	0
53	1006	0
53	1496	0
124	928	0
149	943	0
149	395	0
176	1107	0
176	1180	0
176	1102	0
106	280	0
106	277	0
106	445	0
312	1134	0
312	365	0
312	1380	0
312	668	0
312	1079	0
312	441	0
312	958	0
312	377	0
312	334	0
175	757	0
175	1069	0
153	38	0
220	216	0
143	875	0
199	960	0
199	907	0
202	1027	0
277	1398	0
277	499	0
277	846	0
206	1261	0
206	165	0
206	213	0
76	983	0
76	1087	0
76	1282	0
76	1083	0
314	753	0
314	864	0
314	1025	0
314	169	0
314	687	0
314	167	0
314	77	0
314	1521	0
314	1190	0
314	1062	0
136	543	0
136	1036	0
179	1640	0
179	1554	0
4	777	0
304	796	0
304	1419	0
3	1399	0
3	1385	0
3	1655	0
227	867	0
227	704	0
227	1124	0
252	766	0
212	1103	0
310	1654	0
35	472	0
147	839	0
105	1528	0
34	49	0
71	1202	0
71	577	0
51	1021	0
204	802	0
204	1566	0
315	753	0
315	75	0
315	27	0
315	848	0
31	1631	0
31	1061	0
316	1573	0
316	297	0
316	403	0
103	511	0
103	1606	0
318	595	0
318	1676	0
318	958	0
318	613	0
318	647	0
318	594	0
318	462	0
30	412	0
30	789	0
120	795	0
120	1189	0
46	251	0
46	755	0
289	484	0
289	857	0
209	734	0
209	362	0
261	15	0
261	261	0
88	176	0
9	199	0
247	277	0
247	426	0
321	760	0
321	519	0
321	95	0
321	863	0
321	1186	0
266	1496	0
74	1246	0
74	507	0
238	833	0
238	65	0
319	1058	0
323	1379	0
323	1427	0
323	366	0
323	177	0
67	980	0
67	5	0
211	738	0
211	1388	0
98	1165	0
98	1440	0
12	210	0
12	1232	0
12	371	0
40	1030	0
40	1296	0
258	254	0
228	906	0
325	745	0
325	1560	0
325	55	0
325	1551	0
325	1338	0
325	1487	0
320	1679	0
320	784	0
320	1193	0
320	508	0
320	617	0
320	1228	0
320	1274	0
326	1547	0
326	94	0
326	682	0
326	1419	0
326	878	0
326	6	0
326	642	0
326	43	0
327	666	0
327	1528	0
327	1280	0
327	1417	0
327	973	0
327	1232	0
327	826	0
327	1383	0
327	1118	0
327	823	0
327	1654	0
327	704	0
183	856	0
183	1641	0
183	606	0
328	293	0
328	1573	0
328	279	0
328	944	0
328	527	0
328	1530	0
328	244	0
328	490	0
328	594	0
328	292	0
328	1177	0
328	287	0
322	577	0
322	610	0
322	1607	0
330	662	0
330	1445	0
330	430	0
330	1242	0
330	440	0
330	1296	0
27	1310	0
331	528	0
331	564	0
331	200	0
332	1344	0
332	1225	0
332	690	0
332	20	0
332	798	0
332	615	0
332	1243	0
332	1241	0
329	583	0
329	952	0
329	1246	0
86	1049	0
139	1048	0
300	237	0
163	422	0
333	1445	0
333	1377	0
334	335	0
334	1389	0
334	646	0
334	377	0
334	583	0
334	593	0
334	385	0
334	639	0
334	1022	0
334	1100	0
334	374	0
334	49	0
334	173	0
334	1512	0
39	777	0
324	1115	0
324	1261	0
324	782	0
132	947	0
336	1004	0
336	237	0
336	851	0
336	1038	0
336	1223	0
336	440	0
335	967	0
169	695	0
169	520	0
338	638	0
338	57	0
338	505	0
339	1292	0
339	107	0
339	1048	0
339	338	0
339	1387	0
339	1181	0
339	858	0
339	1507	0
339	1470	0
339	1461	0
339	1199	0
309	898	0
342	1283	0
342	891	0
342	1342	0
342	1384	0
342	721	0
342	963	0
342	1352	0
342	785	0
342	588	0
340	1602	0
340	626	0
317	621	0
341	1607	0
343	1241	0
343	984	0
343	1349	0
343	812	0
343	831	0
343	618	0
343	244	0
343	1270	0
343	1615	0
343	516	0
344	249	0
344	1462	0
344	1469	0
344	610	0
344	855	0
344	627	0
344	246	0
344	350	0
345	1165	0
345	955	0
345	1218	0
345	726	0
345	608	0
345	1243	0
345	1181	0
345	293	0
345	1474	0
345	354	0
346	108	0
346	330	0
346	1091	0
346	303	0
346	324	0
346	1066	0
346	759	0
346	942	0
347	866	0
347	1070	0
347	1398	0
347	1243	0
347	629	0
347	740	0
347	343	0
347	939	0
273	437	0
55	1367	0
349	891	0
349	878	0
348	877	0
348	213	0
348	812	0
354	148	0
354	1370	0
354	1023	0
354	130	0
354	1652	0
354	687	0
354	935	0
354	1092	0
354	846	0
354	1531	0
351	875	0
351	439	0
358	1597	0
358	722	0
352	664	0
352	1482	0
360	412	0
360	1020	0
360	986	0
360	799	0
360	1336	0
363	379	0
363	952	0
363	108	0
363	1142	0
363	930	0
363	988	0
363	1541	0
363	131	0
363	1176	0
363	295	0
363	1102	0
363	608	0
363	803	0
355	366	0
355	1384	0
362	760	0
357	644	0
357	350	0
357	836	0
357	1061	0
356	1326	0
361	63	0
361	420	0
361	1643	0
361	428	0
361	259	0
365	237	0
365	324	0
365	158	0
350	1258	0
350	1511	0
367	1187	0
367	1262	0
367	1485	0
368	1178	0
368	1151	0
371	855	0
371	743	0
371	150	0
373	502	0
373	1607	0
373	1466	0
373	663	0
373	1615	0
373	84	0
373	1170	0
373	749	0
373	146	0
373	268	0
370	213	0
370	1324	0
370	720	0
374	1076	0
374	687	0
374	927	0
374	1270	0
374	1617	0
374	180	0
374	854	0
374	701	0
374	142	0
374	870	0
374	133	0
372	1480	0
372	111	0
372	586	0
337	205	0
337	1539	0
378	211	0
378	224	0
378	749	0
378	991	0
378	61	0
378	1038	0
378	1023	0
378	884	0
378	383	0
378	1557	0
378	1361	0
378	1542	0
378	1388	0
378	1371	0
378	1348	0
366	324	0
366	1246	0
377	1275	0
377	652	0
375	1440	0
375	1501	0
359	595	0
359	368	0
379	1442	0
379	1224	0
379	996	0
379	358	0
379	570	0
379	473	0
379	1228	0
379	1278	0
380	1428	0
380	235	0
380	890	0
380	1025	0
380	576	0
380	935	0
380	1125	0
381	1054	0
381	1490	0
381	383	0
381	259	0
381	315	0
381	643	0
385	16	0
385	41	0
385	470	0
385	1209	0
385	345	0
385	1329	0
385	1500	0
385	633	0
385	343	0
385	564	0
385	544	0
385	437	0
382	1046	0
382	1167	0
382	179	0
387	1375	0
387	549	0
387	1468	0
387	926	0
387	1356	0
387	1285	0
387	170	0
387	263	0
387	86	0
387	122	0
387	1568	0
387	352	0
387	1253	0
364	1311	0
369	711	0
388	132	0
388	738	0
388	31	0
386	678	0
389	1461	0
389	549	0
389	1172	0
389	1435	0
389	95	0
389	661	0
389	321	0
389	447	0
389	84	0
389	1499	0
389	801	0
383	1091	0
383	339	0
383	620	0
390	482	0
390	917	0
393	1030	0
393	1046	0
393	400	0
393	122	0
393	1656	0
393	1202	0
393	1255	0
393	1363	0
393	436	0
393	776	0
393	757	0
393	938	0
393	1354	0
393	36	0
393	1544	0
393	462	0
393	1679	0
393	1514	0
392	937	0
392	132	0
392	813	0
392	1092	0
392	767	0
376	690	0
376	1116	0
394	1163	0
394	521	0
394	314	0
394	849	0
394	656	0
394	1231	0
391	782	0
391	995	0
391	424	0
391	1366	0
391	382	0
398	278	0
398	590	0
398	943	0
398	976	0
398	420	0
398	302	0
398	1452	0
397	613	0
397	169	0
397	1630	0
397	141	0
397	185	0
399	1389	0
399	993	0
399	1617	0
399	964	0
399	417	0
399	580	0
399	220	0
399	849	0
399	836	0
399	337	0
399	326	0
399	581	0
399	1574	0
396	873	0
396	1088	0
396	157	0
401	492	0
401	972	0
401	186	0
401	502	0
401	351	0
401	721	0
401	171	0
402	1598	0
402	955	0
402	207	0
384	1291	0
395	1264	0
395	578	0
395	791	0
353	1150	0
403	642	0
403	924	0
405	1531	0
405	284	0
405	343	0
405	457	0
405	1193	0
405	300	0
405	263	0
405	280	0
405	874	0
405	1324	0
405	1374	0
405	333	0
405	1226	0
405	1675	0
405	887	0
405	338	0
405	358	0
405	766	0
405	1339	0
405	295	0
405	1124	0
405	140	0
405	835	0
405	1116	0
405	134	0
405	407	0
405	901	0
405	111	0
405	19	0
405	1376	0
400	381	0
406	1679	0
406	653	0
406	36	0
406	967	0
406	646	0
406	1481	0
406	890	0
406	1323	0
406	225	0
406	104	0
406	1163	0
406	1373	0
406	1423	0
406	1269	0
407	1370	0
407	26	0
407	989	0
407	1413	0
407	245	0
407	361	0
407	103	0
407	820	0
407	1286	0
407	724	0
409	1322	0
409	925	0
409	227	0
409	1064	0
409	1323	0
409	1119	0
409	1258	0
409	1184	0
409	423	0
404	798	0
404	731	0
413	1350	0
413	672	0
416	1191	0
416	1605	0
416	1324	0
416	1110	0
416	444	0
416	726	0
416	1200	0
416	392	0
416	526	0
416	233	0
416	1658	0
416	146	0
416	1371	0
416	534	0
416	951	0
416	139	0
416	1223	0
416	352	0
416	588	0
416	212	0
408	250	0
408	275	0
410	301	0
410	1102	0
411	1227	0
411	166	0
411	571	0
417	813	0
417	1611	0
417	227	0
417	87	0
417	988	0
417	888	0
417	1450	0
417	1203	0
417	883	0
417	1194	0
417	1531	0
417	1190	0
417	430	0
417	1085	0
417	829	0
412	624	0
412	1147	0
412	562	0
420	1041	0
420	361	0
422	873	0
422	90	0
422	1259	0
422	479	0
425	1654	0
425	162	0
425	215	0
425	1395	0
425	726	0
425	116	0
425	182	0
425	676	0
425	1152	0
419	234	0
419	284	0
415	1455	0
423	285	0
423	1635	0
423	48	0
429	503	0
429	112	0
429	572	0
429	440	0
429	1573	0
429	699	0
429	586	0
429	1251	0
429	108	0
429	1315	0
429	866	0
429	1356	0
429	622	0
429	1400	0
429	1022	0
429	1072	0
429	604	0
428	197	0
428	77	0
428	692	0
427	1325	0
427	1196	0
418	1268	0
424	1149	0
424	370	0
432	1279	0
432	1253	0
432	943	0
421	1329	0
421	1474	0
421	836	0
435	240	0
435	1553	0
435	686	0
435	861	0
435	1560	0
435	445	0
435	326	0
435	1681	0
435	419	0
435	1150	0
435	1424	0
435	1175	0
435	396	0
435	1139	0
435	213	0
435	363	0
433	167	0
433	1610	0
426	1	0
426	1640	0
426	287	0
426	1141	0
426	1566	0
436	6	0
436	1307	0
436	1383	0
436	500	0
436	197	0
436	685	0
430	269	0
430	1178	0
430	1376	0
434	1063	0
434	646	0
437	669	0
437	1283	0
437	648	0
437	1616	0
437	1340	0
437	377	0
437	549	0
437	738	0
437	595	0
437	841	0
437	230	0
438	611	0
438	546	0
431	1281	0
442	16	0
442	1154	0
442	933	0
442	444	0
442	120	0
442	634	0
440	782	0
440	1474	0
445	657	0
445	682	0
445	777	0
445	81	0
445	1190	0
445	1300	0
447	1314	0
447	1419	0
447	412	0
447	1267	0
447	406	0
447	384	0
449	1338	0
449	871	0
449	1116	0
450	249	0
450	1403	0
450	1068	0
450	555	0
450	936	0
450	1332	0
450	1180	0
450	1528	0
450	1370	0
450	844	0
450	810	0
450	324	0
450	743	0
450	1149	0
450	34	0
450	1427	0
450	447	0
450	1557	0
450	596	0
450	261	0
450	1087	0
450	623	0
446	1656	0
446	1193	0
439	1021	0
439	590	0
451	93	0
451	174	0
451	422	0
451	244	0
452	1159	0
452	611	0
452	1085	0
452	1004	0
452	943	0
452	1157	0
452	680	0
452	668	0
452	60	0
454	1163	0
454	565	0
454	1110	0
454	1340	0
454	600	0
454	1301	0
454	1553	0
454	1502	0
454	652	0
454	646	0
453	1200	0
453	1171	0
453	514	0
453	531	0
453	87	0
453	43	0
453	1141	0
414	1349	0
455	1134	0
455	1450	0
455	689	0
455	399	0
455	845	0
455	1092	0
455	1365	0
455	684	0
444	432	0
448	514	0
448	266	0
457	1635	0
457	619	0
457	490	0
457	701	0
457	212	0
457	1035	0
457	60	0
457	648	0
457	1434	0
457	759	0
457	398	0
457	574	0
456	1596	0
456	1616	0
456	1557	0
456	248	0
456	1519	0
456	502	0
456	698	0
456	467	0
456	44	0
458	1424	0
458	345	0
458	401	0
458	975	0
458	1111	0
458	448	0
458	964	0
458	714	0
462	1396	0
462	751	0
459	729	0
459	1487	0
459	869	0
459	129	0
459	1453	0
460	751	0
460	666	0
460	1053	0
461	1444	0
467	1417	0
467	1125	0
468	335	0
468	300	0
468	856	0
468	1329	0
468	1195	0
468	1105	0
466	1081	0
466	535	0
466	781	0
466	212	0
466	1409	0
472	1417	0
472	1635	0
472	545	0
472	632	0
472	700	0
472	364	0
472	409	0
472	1073	0
472	693	0
472	966	0
472	1422	0
465	1547	0
465	1087	0
465	762	0
465	298	0
463	1052	0
463	871	0
463	103	0
463	1185	0
463	1187	0
463	717	0
471	170	0
471	1303	0
474	526	0
474	403	0
474	72	0
474	974	0
474	415	0
474	993	0
474	269	0
474	1415	0
474	539	0
474	550	0
474	1337	0
474	983	0
474	43	0
474	1002	0
469	222	0
469	1549	0
464	582	0
464	119	0
464	844	0
476	229	0
476	413	0
476	875	0
476	1598	0
478	607	0
478	875	0
478	18	0
478	504	0
478	1312	0
473	1608	0
473	1280	0
470	985	0
470	729	0
470	1228	0
480	1465	0
480	617	0
480	429	0
441	1210	0
479	1075	0
479	239	0
479	1139	0
479	346	0
479	529	0
479	1111	0
479	210	0
479	795	0
479	1262	0
484	350	0
484	357	0
484	1412	0
484	942	0
484	811	0
484	848	0
486	1076	0
486	103	0
486	603	0
486	1383	0
486	356	0
486	998	0
486	186	0
486	888	0
487	1174	0
487	379	0
487	654	0
487	1005	0
487	523	0
487	454	0
487	811	0
487	507	0
487	731	0
487	1514	0
482	1341	0
482	1102	0
481	967	0
481	1007	0
481	1204	0
492	639	0
492	424	0
492	1082	0
493	426	0
493	1041	0
493	158	0
493	33	0
493	1306	0
493	1675	0
490	918	0
490	1644	0
490	1414	0
489	349	0
489	636	0
489	421	0
489	1384	0
489	51	0
483	1257	0
483	217	0
483	500	0
496	856	0
496	572	0
496	291	0
496	637	0
496	487	0
496	1406	0
494	112	0
494	972	0
495	844	0
495	116	0
495	963	0
495	5	0
495	199	0
495	959	0
495	1164	0
495	495	0
495	366	0
477	24	0
477	962	0
497	247	0
497	1322	0
497	425	0
497	1018	0
497	43	0
497	467	0
497	1451	0
497	683	0
497	511	0
497	494	0
497	845	0
497	1566	0
488	456	0
488	1303	0
488	529	0
488	411	0
488	379	0
488	943	0
488	1033	0
498	1030	0
498	1189	0
498	1187	0
498	861	0
498	1634	0
498	1049	0
499	1455	0
499	1394	0
499	565	0
499	848	0
499	1259	0
491	846	0
491	132	0
500	499	0
500	1592	0
500	454	0
500	104	0
500	270	0
500	141	0
500	809	0
500	1105	0
500	1403	0
502	220	0
502	838	0
503	206	0
503	1369	0
503	1021	0
503	1242	0
503	1654	0
503	314	0
503	1001	0
504	1574	0
504	953	0
504	1099	0
504	1215	0
504	1409	0
504	707	0
504	973	0
504	304	0
504	1048	0
504	536	0
504	1068	0
505	252	0
505	1606	0
505	1209	0
505	551	0
505	412	0
506	1288	0
506	885	0
506	734	0
506	964	0
506	906	0
506	1545	0
506	1438	0
506	1162	0
506	753	0
506	1025	0
443	1129	0
507	769	0
507	713	0
507	1284	0
514	463	0
514	1231	0
514	523	0
514	544	0
514	1087	0
514	412	0
514	678	0
514	628	0
508	769	0
508	257	0
508	719	0
508	192	0
511	1391	0
515	268	0
515	647	0
512	323	0
513	678	0
475	859	0
523	490	0
523	477	0
523	1142	0
523	1176	0
518	956	0
518	1332	0
518	110	0
509	1053	0
509	1084	0
516	312	0
510	859	0
510	1582	0
524	1417	0
524	569	0
524	1089	0
524	839	0
524	1070	0
524	262	0
524	1448	0
524	445	0
524	783	0
524	503	0
524	1355	0
524	646	0
524	775	0
501	1537	0
501	1243	0
501	968	0
525	330	0
525	1172	0
525	1291	0
521	982	0
521	464	0
521	211	0
521	526	0
521	308	0
521	1457	0
520	1387	0
519	1180	0
519	693	0
528	345	0
528	1517	0
528	948	0
532	571	0
532	1127	0
532	875	0
532	787	0
532	797	0
532	605	0
532	1048	0
532	106	0
532	1247	0
532	141	0
532	472	0
530	869	0
530	74	0
531	855	0
531	483	0
529	470	0
529	80	0
517	726	0
517	700	0
527	538	0
527	1133	0
527	1121	0
527	926	0
527	673	0
527	920	0
485	21	0
485	1596	0
533	482	0
533	159	0
533	247	0
533	833	0
533	1505	0
533	829	0
533	518	0
533	924	0
533	965	0
533	189	0
533	1183	0
535	54	0
535	844	0
535	1530	0
535	1638	0
535	964	0
535	1302	0
535	406	0
535	1240	0
535	715	0
536	100	0
536	1419	0
536	477	0
536	399	0
536	1515	0
536	514	0
536	162	0
526	1396	0
526	795	0
526	596	0
537	1382	0
537	1102	0
537	1516	0
537	26	0
537	1480	0
537	255	0
537	798	0
537	598	0
537	565	0
537	816	0
537	1052	0
537	1326	0
537	550	0
537	1206	0
537	1137	0
537	1146	0
537	526	0
537	554	0
537	826	0
537	1482	0
534	596	0
534	1327	0
534	156	0
534	891	0
541	985	0
541	981	0
541	1117	0
541	1201	0
541	543	0
541	356	0
538	279	0
538	619	0
538	397	0
538	93	0
542	1556	0
542	970	0
542	1640	0
542	290	0
542	473	0
542	340	0
545	518	0
545	760	0
545	1657	0
545	1530	0
545	1368	0
545	131	0
545	1453	0
539	992	0
539	112	0
539	584	0
547	1439	0
543	975	0
543	1446	0
543	1514	0
543	374	0
543	1654	0
543	429	0
543	154	0
543	810	0
548	138	0
548	1415	0
548	480	0
548	306	0
548	319	0
548	108	0
548	1109	0
546	1069	0
546	241	0
546	1306	0
522	323	0
522	158	0
551	1522	0
551	457	0
551	551	0
551	1430	0
551	190	0
551	309	0
551	350	0
551	368	0
551	1486	0
551	697	0
551	1599	0
551	848	0
551	989	0
551	1462	0
544	809	0
544	1672	0
553	1042	0
553	892	0
553	133	0
553	1534	0
552	1639	0
552	1259	0
552	231	0
552	1286	0
540	828	0
540	1441	0
540	1122	0
554	1122	0
554	1201	0
554	356	0
554	904	0
554	170	0
550	292	0
550	1372	0
556	805	0
556	946	0
559	710	0
559	1280	0
559	1467	0
559	1427	0
560	1164	0
560	1364	0
560	390	0
560	57	0
560	1393	0
561	535	0
561	920	0
561	145	0
561	791	0
561	934	0
561	1002	0
561	1145	0
561	576	0
561	1312	0
561	1465	0
561	1077	0
561	982	0
561	839	0
561	1328	0
561	1225	0
563	1679	0
563	636	0
566	1380	0
566	1141	0
566	598	0
566	1634	0
566	481	0
566	1611	0
557	705	0
557	93	0
557	132	0
558	1053	0
564	1522	0
564	387	0
565	163	0
565	364	0
573	1267	0
573	1328	0
573	1028	0
549	299	0
567	111	0
567	973	0
567	34	0
567	275	0
567	568	0
567	230	0
567	846	0
569	1601	0
569	1204	0
569	559	0
562	1496	0
562	903	0
562	122	0
576	1433	0
576	519	0
577	966	0
577	1194	0
577	1281	0
577	1511	0
577	1126	0
577	1510	0
577	494	0
577	648	0
579	1355	0
579	242	0
579	919	0
574	1211	0
574	850	0
555	66	0
555	940	0
555	1662	0
572	1188	0
575	1609	0
575	1003	0
584	780	0
588	163	0
588	251	0
588	971	0
588	549	0
588	1542	0
588	136	0
588	1681	0
588	166	0
588	972	0
587	1006	0
587	176	0
587	505	0
587	777	0
568	559	0
568	1523	0
568	1343	0
568	712	0
586	1192	0
586	688	0
586	694	0
586	508	0
586	1226	0
586	74	0
586	560	0
585	284	0
585	735	0
585	847	0
585	1383	0
582	242	0
582	589	0
582	140	0
591	25	0
591	587	0
591	629	0
591	529	0
581	948	0
581	220	0
592	1506	0
592	955	0
592	648	0
592	626	0
592	759	0
592	1242	0
592	1461	0
592	1658	0
592	402	0
592	369	0
592	316	0
592	1392	0
592	317	0
592	1490	0
592	1468	0
580	964	0
580	1292	0
590	1428	0
590	639	0
593	829	0
593	299	0
593	57	0
593	800	0
593	1587	0
593	329	0
593	1314	0
583	878	0
583	316	0
596	244	0
570	1174	0
599	608	0
599	630	0
589	719	0
589	1233	0
594	973	0
597	1239	0
597	72	0
578	778	0
601	1372	0
601	1036	0
601	190	0
601	1033	0
601	1201	0
601	1109	0
602	1323	0
602	166	0
600	450	0
600	1149	0
600	1443	0
600	577	0
605	422	0
605	509	0
605	1288	0
605	1451	0
603	1209	0
603	1222	0
595	573	0
595	1387	0
595	306	0
595	864	0
606	368	0
606	632	0
606	34	0
606	371	0
606	1389	0
606	275	0
606	223	0
606	1477	0
606	577	0
606	784	0
608	1196	0
608	1004	0
608	634	0
608	833	0
608	1033	0
608	392	0
608	809	0
607	556	0
607	279	0
610	601	0
610	1301	0
610	926	0
611	1213	0
611	350	0
617	137	0
617	877	0
617	451	0
617	264	0
617	697	0
618	345	0
618	1487	0
618	1446	0
618	1160	0
618	28	0
618	1516	0
618	1595	0
618	1592	0
618	455	0
614	92	0
614	134	0
609	1096	0
609	586	0
615	852	0
615	833	0
615	1226	0
615	112	0
615	1418	0
616	633	0
616	1475	0
620	435	0
620	828	0
620	798	0
620	97	0
620	984	0
571	1464	0
619	286	0
619	929	0
619	215	0
619	468	0
613	1012	0
613	849	0
622	21	0
622	1315	0
622	147	0
622	874	0
622	1027	0
622	1471	0
622	1254	0
622	626	0
622	1419	0
622	1189	0
621	1362	0
621	146	0
621	1153	0
621	680	0
621	124	0
621	1306	0
621	1506	0
604	1418	0
604	381	0
624	533	0
624	5	0
624	1219	0
624	1276	0
624	231	0
624	1482	0
612	185	0
612	1664	0
627	1324	0
627	1019	0
627	1097	0
627	502	0
627	1681	0
627	492	0
627	394	0
627	1001	0
623	583	0
623	219	0
628	375	0
628	309	0
625	764	0
625	1330	0
625	931	0
625	959	0
625	377	0
629	633	0
629	970	0
629	1482	0
629	388	0
629	1342	0
633	447	0
633	981	0
633	1470	0
632	113	0
632	1052	0
632	928	0
632	1174	0
632	107	0
631	1103	0
634	1363	0
634	832	0
634	156	0
634	1511	0
634	1410	0
634	30	0
639	187	0
639	544	0
639	531	0
639	1016	0
639	776	0
639	583	0
630	390	0
630	1431	0
630	1411	0
630	837	0
630	1456	0
642	1341	0
642	325	0
642	903	0
642	1024	0
642	976	0
642	899	0
642	1300	0
642	315	0
642	837	0
642	1389	0
642	492	0
642	329	0
642	1110	0
637	1383	0
637	488	0
637	187	0
637	180	0
637	798	0
640	594	0
640	238	0
640	1619	0
640	1463	0
640	1044	0
626	570	0
626	1559	0
643	794	0
643	974	0
643	1119	0
643	984	0
643	401	0
643	455	0
643	1338	0
643	819	0
643	1387	0
598	570	0
638	373	0
638	72	0
638	1343	0
635	281	0
635	633	0
644	796	0
644	594	0
636	732	0
645	1042	0
645	128	0
645	130	0
645	944	0
645	460	0
648	1455	0
648	534	0
648	577	0
648	737	0
648	1384	0
648	1012	0
648	1436	0
648	757	0
648	198	0
648	1365	0
648	747	0
648	1266	0
647	144	0
647	1542	0
647	894	0
650	522	0
650	1524	0
650	967	0
650	1673	0
650	1550	0
650	190	0
650	821	0
650	840	0
650	958	0
650	146	0
650	563	0
650	871	0
650	349	0
651	830	0
654	196	0
654	663	0
654	752	0
654	1124	0
654	1609	0
654	547	0
653	1619	0
653	1329	0
653	1430	0
653	1362	0
653	609	0
653	592	0
653	328	0
653	1351	0
653	1395	0
653	660	0
653	825	0
653	26	0
655	207	0
655	351	0
655	565	0
655	419	0
655	1182	0
655	340	0
655	924	0
655	1414	0
655	1064	0
655	752	0
655	221	0
655	253	0
655	151	0
655	452	0
655	680	0
655	1323	0
655	338	0
655	71	0
655	552	0
655	259	0
655	486	0
655	1207	0
655	1497	0
655	109	0
655	1115	0
655	580	0
655	78	0
655	387	0
649	416	0
658	781	0
658	569	0
658	568	0
656	465	0
660	1197	0
660	396	0
660	611	0
660	1409	0
660	409	0
660	251	0
660	1147	0
660	734	0
660	1491	0
659	1643	0
659	1502	0
659	587	0
659	65	0
659	664	0
659	398	0
659	184	0
659	1090	0
646	859	0
646	588	0
663	1204	0
663	19	0
663	1203	0
663	1285	0
663	1623	0
663	137	0
663	1400	0
664	365	0
664	167	0
664	729	0
664	1005	0
664	488	0
664	632	0
664	253	0
657	710	0
657	781	0
665	315	0
665	938	0
665	1654	0
665	321	0
665	712	0
665	689	0
666	614	0
666	1558	0
666	476	0
666	712	0
666	667	0
666	1480	0
666	571	0
666	1515	0
666	679	0
666	1205	0
661	1303	0
661	895	0
661	923	0
661	578	0
661	658	0
662	384	0
667	766	0
667	388	0
641	1394	0
641	415	0
668	757	0
668	1410	0
673	1181	0
673	495	0
671	958	0
671	1559	0
671	1042	0
671	585	0
671	104	0
669	854	0
669	796	0
669	632	0
669	123	0
676	1480	0
676	679	0
676	906	0
676	214	0
674	463	0
674	646	0
652	1589	0
677	1114	0
677	362	0
682	1014	0
682	1417	0
682	1064	0
682	1060	0
682	503	0
682	436	0
682	915	0
682	590	0
682	1071	0
682	1443	0
682	521	0
682	1392	0
682	736	0
682	1349	0
682	353	0
682	1171	0
679	578	0
679	180	0
679	1481	0
684	738	0
684	1286	0
684	1174	0
684	1376	0
685	1541	0
683	1606	0
683	1578	0
683	266	0
691	669	0
691	403	0
672	286	0
672	94	0
692	1191	0
692	772	0
690	728	0
690	865	0
690	1020	0
690	1133	0
690	61	0
689	741	0
689	1306	0
686	1077	0
686	512	0
686	229	0
693	873	0
693	198	0
693	296	0
693	1314	0
693	642	0
693	553	0
693	786	0
688	540	0
697	865	0
697	1339	0
697	652	0
697	878	0
697	432	0
698	49	0
698	1046	0
698	1086	0
698	140	0
698	1129	0
698	1440	0
670	918	0
670	146	0
694	995	0
694	344	0
694	1141	0
694	440	0
694	1226	0
694	860	0
694	1344	0
680	1424	0
680	283	0
705	1466	0
705	1516	0
705	870	0
705	180	0
705	14	0
701	1679	0
701	398	0
699	965	0
699	428	0
699	940	0
699	438	0
699	1629	0
699	1178	0
704	1160	0
704	424	0
704	36	0
704	799	0
707	872	0
707	401	0
707	1510	0
707	1487	0
707	1261	0
707	1348	0
707	680	0
707	1366	0
707	958	0
707	1172	0
700	535	0
687	1309	0
695	486	0
695	1128	0
675	88	0
675	871	0
708	800	0
708	1296	0
708	847	0
708	664	0
708	549	0
709	500	0
709	490	0
709	1639	0
709	1474	0
709	1107	0
709	468	0
711	511	0
711	103	0
711	1475	0
711	159	0
711	1512	0
711	1338	0
711	1448	0
711	351	0
711	262	0
710	848	0
710	98	0
710	688	0
710	1421	0
712	802	0
712	1070	0
712	1025	0
712	1389	0
712	340	0
712	708	0
712	351	0
715	1533	0
715	1147	0
715	579	0
715	906	0
715	874	0
715	846	0
715	78	0
713	728	0
713	1090	0
716	1389	0
716	160	0
716	476	0
716	1442	0
716	1058	0
716	1027	0
716	990	0
716	1548	0
716	947	0
716	1662	0
716	1128	0
681	1294	0
678	799	0
678	1151	0
719	822	0
719	141	0
719	23	0
702	1414	0
702	1227	0
721	225	0
721	128	0
721	124	0
721	851	0
721	363	0
721	1434	0
721	1655	0
714	1657	0
714	883	0
717	631	0
717	657	0
717	616	0
717	1232	0
718	401	0
718	1160	0
696	1298	0
696	1037	0
722	939	0
722	236	0
724	1381	0
724	1435	0
724	1416	0
724	1537	0
727	583	0
727	1490	0
727	791	0
727	1137	0
727	857	0
727	309	0
727	1234	0
727	1450	0
727	508	0
727	727	0
727	166	0
727	359	0
727	1609	0
725	1211	0
706	988	0
706	141	0
720	1050	0
720	145	0
729	1382	0
726	1599	0
728	847	0
728	1123	0
703	979	0
703	638	0
738	924	0
738	735	0
738	1148	0
738	619	0
738	1224	0
738	875	0
736	310	0
734	1352	0
734	1105	0
734	1368	0
730	1336	0
730	747	0
743	1027	0
743	1184	0
742	983	0
742	968	0
737	668	0
737	441	0
733	1102	0
733	558	0
733	140	0
733	412	0
733	855	0
745	362	0
745	777	0
745	624	0
740	658	0
735	414	0
735	403	0
735	435	0
747	1549	0
747	1401	0
747	1585	0
747	1639	0
747	561	0
747	369	0
747	1595	0
747	298	0
747	1168	0
747	986	0
747	453	0
747	626	0
723	740	0
739	635	0
739	1662	0
749	602	0
749	1258	0
749	981	0
749	779	0
749	990	0
749	106	0
749	441	0
749	588	0
749	452	0
749	500	0
749	856	0
749	654	0
749	722	0
748	1122	0
748	1385	0
748	950	0
748	422	0
748	1082	0
746	797	0
746	145	0
746	830	0
731	1510	0
731	508	0
731	399	0
731	964	0
750	1288	0
750	524	0
741	1652	0
741	554	0
741	1068	0
741	205	0
741	1212	0
751	1174	0
751	827	0
751	1300	0
751	1502	0
751	1307	0
751	1112	0
751	1641	0
756	956	0
756	414	0
756	1551	0
756	41	0
756	19	0
757	1548	0
757	966	0
757	1557	0
757	503	0
757	1629	0
757	868	0
757	1216	0
752	1643	0
752	1067	0
752	1279	0
758	513	0
758	142	0
758	1511	0
758	271	0
758	773	0
758	923	0
758	1644	0
758	255	0
758	598	0
758	795	0
758	1246	0
758	380	0
758	1315	0
758	1444	0
758	1492	0
732	287	0
762	1655	0
744	50	0
744	578	0
754	790	0
754	1170	0
753	1418	0
753	517	0
753	1522	0
763	1530	0
763	585	0
763	214	0
763	1337	0
763	578	0
763	1399	0
764	1258	0
764	658	0
764	834	0
764	198	0
764	63	0
767	1375	0
767	1503	0
769	895	0
769	1118	0
755	604	0
755	187	0
771	1195	0
771	132	0
771	101	0
768	404	0
768	754	0
768	1231	0
773	1104	0
773	1600	0
773	1207	0
773	820	0
773	445	0
773	754	0
773	1469	0
765	229	0
772	1029	0
772	685	0
766	204	0
766	1091	0
766	1051	0
766	970	0
766	1587	0
766	762	0
766	311	0
774	1164	0
774	907	0
774	878	0
774	85	0
774	63	0
774	796	0
774	1560	0
774	156	0
774	1567	0
760	1472	0
760	1157	0
761	973	0
761	1060	0
761	179	0
777	120	0
777	1015	0
759	599	0
759	1166	0
776	705	0
776	14	0
776	1373	0
776	546	0
776	755	0
780	680	0
780	375	0
780	1369	0
779	825	0
779	214	0
778	935	0
778	909	0
778	1257	0
782	641	0
782	944	0
782	1418	0
782	1165	0
782	991	0
782	180	0
782	1084	0
782	280	0
782	1015	0
782	815	0
786	366	0
786	551	0
786	742	0
786	1305	0
786	722	0
784	779	0
784	1510	0
770	317	0
770	965	0
770	1223	0
788	1484	0
788	224	0
788	1247	0
788	1243	0
788	33	0
788	1596	0
788	688	0
788	659	0
788	466	0
788	1034	0
789	999	0
789	621	0
790	468	0
790	811	0
790	647	0
790	1203	0
790	419	0
790	761	0
790	1405	0
790	1517	0
790	938	0
790	1640	0
787	1164	0
787	1023	0
787	1632	0
783	1235	0
783	405	0
785	1173	0
785	444	0
794	1022	0
794	715	0
781	766	0
781	1463	0
796	244	0
796	1137	0
796	30	0
796	587	0
796	441	0
796	635	0
796	1298	0
796	1424	0
796	1497	0
796	674	0
796	528	0
796	802	0
796	11	0
796	1416	0
796	1457	0
795	1521	0
795	1012	0
795	292	0
795	285	0
795	1396	0
795	565	0
795	1384	0
793	1184	0
793	581	0
793	1561	0
798	907	0
798	1022	0
798	1237	0
798	189	0
798	1467	0
798	633	0
798	915	0
798	277	0
798	1417	0
798	48	0
791	1308	0
802	621	0
802	1436	0
802	417	0
800	1177	0
800	1322	0
804	1169	0
804	1479	0
804	233	0
804	1278	0
804	1656	0
804	1351	0
804	416	0
804	1612	0
804	645	0
804	1623	0
804	315	0
804	42	0
804	461	0
804	1639	0
803	805	0
803	1608	0
775	318	0
775	442	0
792	1137	0
792	293	0
799	1554	0
805	1049	0
805	483	0
805	1099	0
805	251	0
805	870	0
805	286	0
805	846	0
805	972	0
805	907	0
805	1039	0
805	574	0
806	1412	0
806	1636	0
806	143	0
806	542	0
806	1077	0
806	1033	0
807	1452	0
807	727	0
807	1102	0
807	55	0
807	976	0
807	1672	0
807	507	0
807	509	0
807	1197	0
797	1164	0
797	392	0
801	73	0
801	1112	0
809	1515	0
815	1373	0
815	701	0
815	1351	0
815	249	0
815	1145	0
815	30	0
815	540	0
815	857	0
817	1020	0
817	169	0
821	265	0
821	332	0
821	1118	0
818	516	0
814	903	0
814	599	0
812	1424	0
823	508	0
823	974	0
823	686	0
823	132	0
823	1510	0
823	1635	0
823	440	0
823	110	0
825	1024	0
825	1152	0
825	623	0
825	995	0
825	1170	0
825	1165	0
827	1042	0
827	805	0
829	812	0
829	875	0
829	326	0
811	1116	0
830	1366	0
830	120	0
830	797	0
830	674	0
830	846	0
826	876	0
826	1185	0
826	550	0
826	1392	0
826	338	0
831	55	0
831	216	0
831	1566	0
819	619	0
819	937	0
828	750	0
828	733	0
828	1049	0
828	298	0
828	177	0
808	1186	0
835	450	0
835	238	0
835	824	0
835	201	0
835	476	0
833	1681	0
833	867	0
833	283	0
833	1076	0
833	1560	0
833	1433	0
833	1233	0
833	1281	0
833	297	0
833	1162	0
833	17	0
836	1050	0
836	958	0
816	260	0
838	1183	0
838	363	0
838	604	0
838	518	0
839	743	0
839	810	0
839	322	0
840	703	0
840	811	0
840	1365	0
840	596	0
840	1343	0
840	867	0
840	924	0
840	1396	0
832	1329	0
810	106	0
810	611	0
844	1253	0
844	308	0
844	1054	0
844	1469	0
843	334	0
843	1470	0
843	1604	0
843	1136	0
843	1675	0
843	1333	0
843	213	0
843	926	0
843	978	0
834	698	0
834	1307	0
834	689	0
846	1215	0
846	980	0
846	1329	0
846	326	0
846	618	0
846	777	0
846	804	0
846	1089	0
846	1011	0
846	1010	0
846	1293	0
846	1619	0
846	855	0
846	533	0
846	825	0
846	538	0
846	686	0
837	1122	0
837	393	0
813	1518	0
813	30	0
842	511	0
842	1151	0
847	1003	0
847	1422	0
847	976	0
847	158	0
847	206	0
847	209	0
848	870	0
848	816	0
848	85	0
848	732	0
848	1479	0
848	1606	0
822	1344	0
852	1024	0
852	810	0
851	140	0
851	1296	0
851	1140	0
851	1133	0
851	441	0
851	253	0
851	16	0
851	97	0
851	303	0
849	250	0
854	85	0
854	1114	0
854	280	0
854	1343	0
854	157	0
854	468	0
854	618	0
854	1475	0
854	1451	0
850	837	0
850	5	0
850	112	0
858	1245	0
853	605	0
853	610	0
855	1148	0
824	1487	0
845	710	0
845	1450	0
841	360	0
841	167	0
859	714	0
859	616	0
862	747	0
862	1275	0
862	899	0
862	1566	0
862	438	0
862	404	0
862	1185	0
856	1554	0
856	899	0
820	759	0
863	1170	0
863	532	0
863	8	0
863	1228	0
863	1615	0
860	842	0
860	297	0
860	942	0
857	86	0
864	485	0
864	307	0
864	60	0
864	264	0
864	1488	0
864	1587	0
864	520	0
864	1190	0
864	700	0
864	440	0
864	272	0
864	376	0
865	829	0
865	752	0
865	135	0
868	831	0
868	331	0
868	58	0
868	140	0
868	934	0
868	1435	0
868	448	0
868	1127	0
868	295	0
867	189	0
867	999	0
867	1200	0
867	142	0
861	212	0
861	755	0
870	1361	0
870	206	0
870	1540	0
870	1384	0
870	801	0
870	795	0
870	418	0
870	790	0
870	562	0
870	1439	0
870	585	0
871	409	0
871	1439	0
871	903	0
871	706	0
871	1094	0
875	1298	0
875	1303	0
875	203	0
875	1063	0
876	1561	0
872	414	0
872	1371	0
872	1079	0
866	762	0
877	1657	0
877	1495	0
877	134	0
877	1602	0
873	462	0
880	1534	0
880	1456	0
880	1192	0
880	1072	0
880	993	0
880	670	0
880	83	0
880	984	0
880	1214	0
880	207	0
880	875	0
880	1679	0
880	1114	0
880	1350	0
880	701	0
878	1227	0
878	1310	0
878	46	0
878	884	0
878	148	0
878	831	0
869	659	0
869	398	0
881	1243	0
881	866	0
881	53	0
881	629	0
881	1144	0
881	241	0
881	1375	0
881	1108	0
881	1355	0
881	1071	0
881	1532	0
879	935	0
879	82	0
883	1675	0
883	163	0
883	468	0
883	1166	0
883	899	0
883	394	0
883	1387	0
883	1660	0
883	1574	0
883	408	0
883	1629	0
882	720	0
882	1027	0
882	564	0
882	950	0
882	579	0
882	479	0
884	759	0
884	1294	0
886	360	0
886	1131	0
886	766	0
886	1376	0
886	547	0
886	1327	0
886	1034	0
886	629	0
886	1486	0
886	1283	0
885	1172	0
885	390	0
885	1244	0
885	1529	0
885	467	0
889	517	0
889	293	0
889	15	0
889	807	0
889	1386	0
889	714	0
889	1401	0
889	397	0
889	1262	0
889	1344	0
889	1294	0
889	255	0
889	1334	0
889	580	0
874	644	0
874	716	0
892	1371	0
892	563	0
892	327	0
892	1332	0
892	621	0
892	733	0
892	1502	0
892	681	0
892	1017	0
892	256	0
890	836	0
890	392	0
890	1539	0
890	816	0
890	1218	0
893	1348	0
893	135	0
893	966	0
887	1607	0
887	1201	0
887	1244	0
887	1456	0
887	1568	0
887	962	0
887	936	0
891	885	0
891	105	0
894	1234	0
894	163	0
894	1116	0
894	338	0
894	1313	0
894	1081	0
894	880	0
894	85	0
894	1005	0
894	1030	0
896	948	0
896	1114	0
896	780	0
896	1411	0
896	939	0
896	1382	0
896	688	0
896	1478	0
896	440	0
896	1080	0
896	1089	0
896	1169	0
896	1663	0
896	697	0
896	757	0
897	1296	0
897	1225	0
897	774	0
897	574	0
897	581	0
897	314	0
897	834	0
897	775	0
901	543	0
901	109	0
901	573	0
901	1261	0
901	1658	0
899	1453	0
899	1606	0
899	1483	0
899	1362	0
899	142	0
899	446	0
903	246	0
903	413	0
903	1172	0
903	1444	0
903	1290	0
903	18	0
904	668	0
904	212	0
907	1320	0
907	82	0
907	1186	0
907	1315	0
907	1341	0
907	383	0
905	682	0
905	145	0
902	531	0
902	220	0
898	942	0
898	1009	0
895	876	0
906	472	0
906	1509	0
900	1217	0
900	1102	0
908	502	0
908	1065	0
908	240	0
916	515	0
916	1418	0
916	439	0
916	1617	0
916	2	0
916	62	0
916	672	0
916	343	0
916	726	0
916	1638	0
916	73	0
916	1657	0
916	880	0
911	44	0
911	13	0
911	79	0
911	976	0
912	372	0
912	1462	0
912	119	0
914	186	0
918	1316	0
918	1560	0
918	613	0
918	259	0
918	809	0
919	857	0
919	43	0
919	1363	0
919	578	0
919	1511	0
919	266	0
919	188	0
919	1290	0
919	484	0
921	1537	0
921	48	0
921	722	0
921	554	0
921	731	0
910	531	0
910	943	0
910	1054	0
913	242	0
913	1244	0
913	1258	0
913	1350	0
913	521	0
913	786	0
915	392	0
915	575	0
922	1254	0
922	1380	0
922	801	0
922	554	0
922	566	0
922	1623	0
923	1438	0
923	31	0
923	524	0
928	1051	0
928	1021	0
927	1152	0
927	297	0
927	416	0
927	1505	0
927	1519	0
924	375	0
924	1148	0
924	1285	0
924	484	0
929	1601	0
929	973	0
931	381	0
931	882	0
931	228	0
917	1076	0
917	553	0
932	1006	0
932	1330	0
932	563	0
932	769	0
932	239	0
932	693	0
932	1528	0
932	577	0
932	279	0
932	187	0
909	1105	0
909	172	0
934	1189	0
934	194	0
934	1162	0
934	607	0
934	504	0
934	221	0
934	27	0
933	1118	0
933	1196	0
933	993	0
933	1105	0
933	31	0
933	1000	0
933	332	0
933	1681	0
935	903	0
935	1311	0
938	357	0
938	801	0
938	188	0
938	515	0
938	691	0
940	755	0
940	1307	0
940	1005	0
940	94	0
940	855	0
888	996	0
925	1078	0
925	221	0
942	992	0
942	841	0
942	186	0
942	1248	0
937	1273	0
937	573	0
926	699	0
943	1002	0
943	380	0
943	340	0
943	961	0
943	436	0
943	1530	0
943	140	0
939	98	0
939	1555	0
936	1030	0
936	1430	0
936	1516	0
936	229	0
936	830	0
936	492	0
930	1093	0
930	44	0
930	1046	0
920	809	0
920	935	0
941	1139	0
