196	893	0
196	199	0
186	572	0
186	708	0
186	256	0
186	213	0
186	124	0
22	659	0
22	1013	0
22	1417	0
22	156	0
22	1082	0
22	1380	0
22	821	0
244	913	0
244	1210	0
244	1175	0
244	1066	0
244	1229	0
244	667	0
244	1227	0
244	1136	0
244	23	0
244	1422	0
244	261	0
244	1298	0
166	1512	0
298	1622	0
298	1197	0
298	319	0
298	164	0
298	1022	0
298	165	0
298	1482	0
115	1620	0
115	350	0
115	1007	0
115	1130	0
115	416	0
253	374	0
253	397	0
253	741	0
253	162	0
253	616	0
305	805	0
305	1514	0
305	944	0
305	1380	0
305	20	0
305	916	0
305	553	0
305	1472	0
305	113	0
305	634	0
305	1269	0
6	1370	0
6	1468	0
6	210	0
6	1526	0
6	363	0
6	870	0
6	315	0
6	448	0
6	1527	0
6	1069	0
6	1015	0
62	356	0
62	126	0
62	419	0
62	819	0
62	364	0
62	937	0
62	201	0
62	1015	0
62	429	0
62	434	0
62	166	0
62	95	0
286	1276	0
286	999	0
286	1577	0
286	1667	0
286	1417	0
286	823	0
286	1110	0
286	310	0
286	1445	0
286	441	0
286	1013	0
286	84	0
286	662	0
286	1141	0
200	902	0
200	540	0
200	1258	0
200	737	0
200	1274	0
200	767	0
200	1539	0
200	704	0
200	238	0
200	266	0
200	1200	0
210	1665	0
210	389	0
210	1401	0
210	1378	0
210	399	0
210	268	0
210	846	0
224	1605	0
224	1378	0
224	489	0
224	1341	0
224	1050	0
224	1179	0
224	1086	0
303	292	0
303	370	0
303	900	0
303	1390	0
303	456	0
303	1027	0
303	60	0
303	1616	0
303	1211	0
303	1605	0
303	600	0
303	313	0
303	52	0
303	146	0
303	555	0
303	652	0
303	999	0
303	1171	0
303	1513	0
303	18	0
303	1588	0
303	923	0
303	1057	0
303	1293	0
122	1029	0
122	250	0
122	1299	0
194	420	0
194	1327	0
194	675	0
194	1018	0
194	1577	0
194	1440	0
194	662	0
194	1606	0
194	68	0
194	1169	0
194	1574	0
194	1510	0
194	1330	0
194	952	0
194	469	0
291	155	0
291	1100	0
291	878	0
291	897	0
291	119	0
291	806	0
291	1011	0
291	360	0
291	1166	0
291	1079	0
291	490	0
291	1033	0
291	1256	0
291	1476	0
291	1204	0
234	1332	0
234	946	0
234	1653	0
234	765	0
234	1239	0
234	1532	0
234	1618	0
234	1476	0
234	829	0
234	108	0
234	976	0
234	1086	0
234	356	0
234	881	0
234	314	0
234	841	0
234	106	0
234	1237	0
234	1395	0
234	1399	0
234	1659	0
234	1059	0
234	768	0
119	1344	0
119	1129	0
119	1302	0
119	733	0
119	409	0
119	669	0
119	582	0
119	8	0
119	1553	0
167	304	0
167	205	0
167	112	0
167	609	0
299	1320	0
299	130	0
299	1641	0
299	572	0
299	1646	0
299	763	0
299	1041	0
299	1539	0
299	1550	0
299	1213	0
299	1335	0
299	163	0
299	5	0
299	998	0
308	667	0
308	231	0
308	271	0
308	420	0
308	1424	0
308	823	0
308	1643	0
308	333	0
308	1677	0
308	1195	0
308	782	0
308	1457	0
308	756	0
308	332	0
308	1160	0
308	207	0
308	161	0
308	621	0
308	142	0
308	871	0
95	908	0
95	876	0
95	569	0
95	813	0
95	767	0
95	32	0
95	978	0
95	740	0
95	1446	0
95	609	0
95	937	0
95	1152	0
95	409	0
95	336	0
38	1210	0
38	1187	0
38	971	0
38	1314	0
38	1219	0
38	785	0
102	646	0
102	825	0
102	1486	0
102	1534	0
102	1477	0
102	1196	0
102	1135	0
102	1608	0
102	653	0
102	955	0
102	1062	0
63	396	0
63	238	0
63	1480	0
63	1225	0
63	1265	0
160	659	0
160	106	0
160	206	0
160	1469	0
160	1301	0
160	125	0
50	556	0
50	1562	0
301	1674	0
301	1316	0
301	933	0
301	1390	0
301	1269	0
301	858	0
301	63	0
301	826	0
301	125	0
301	126	0
301	1011	0
301	891	0
301	925	0
301	94	0
225	795	0
225	1225	0
290	1559	0
290	1154	0
290	1161	0
290	543	0
290	602	0
290	159	0
290	451	0
290	795	0
97	715	0
97	254	0
97	500	0
157	1599	0
157	408	0
157	78	0
181	314	0
181	1659	0
181	679	0
181	614	0
181	570	0
181	163	0
181	1541	0
181	368	0
181	1251	0
181	664	0
181	1500	0
181	214	0
181	1432	0
181	1652	0
181	973	0
181	1118	0
181	1131	0
181	602	0
181	136	0
181	1158	0
181	651	0
278	539	0
278	112	0
276	263	0
276	1529	0
276	836	0
276	648	0
276	1682	0
276	9	0
276	989	0
276	811	0
276	1335	0
276	1206	0
276	1458	0
276	133	0
276	162	0
276	810	0
276	259	0
276	37	0
276	1399	0
276	878	0
276	1364	0
276	857	0
276	1331	0
276	1412	0
276	1032	0
276	900	0
276	256	0
7	224	0
7	1606	0
7	1580	0
7	119	0
7	1650	0
7	112	0
7	412	0
7	1064	0
7	1399	0
7	341	0
7	359	0
7	1371	0
7	936	0
7	1238	0
7	1080	0
7	337	0
7	828	0
7	343	0
7	857	0
7	1069	0
10	314	0
10	445	0
10	299	0
10	817	0
10	1108	0
10	1329	0
10	672	0
10	1290	0
10	1076	0
284	411	0
284	1411	0
284	1272	0
201	992	0
201	1680	0
201	434	0
201	810	0
201	1488	0
201	700	0
201	1615	0
201	802	0
201	530	0
201	462	0
201	73	0
201	759	0
201	729	0
201	930	0
201	220	0
201	367	0
201	1639	0
201	889	0
201	265	0
287	1338	0
287	346	0
287	41	0
246	918	0
246	1170	0
246	927	0
246	1327	0
246	233	0
246	1333	0
246	1678	0
246	192	0
246	544	0
246	930	0
242	906	0
249	1673	0
249	513	0
249	983	0
249	1344	0
249	1676	0
249	241	0
249	702	0
249	157	0
99	1147	0
99	1547	0
99	1677	0
99	421	0
99	662	0
99	866	0
99	16	0
178	1552	0
178	534	0
178	1671	0
178	623	0
178	1555	0
178	533	0
178	59	0
178	498	0
178	1019	0
178	1201	0
178	428	0
178	612	0
178	1336	0
178	645	0
251	1313	0
251	1172	0
251	1391	0
251	1158	0
81	940	0
81	177	0
81	872	0
260	163	0
260	1521	0
25	313	0
25	1419	0
25	978	0
25	75	0
59	543	0
59	242	0
59	424	0
59	661	0
59	1083	0
59	1059	0
59	1521	0
59	1251	0
59	482	0
59	1348	0
59	1152	0
59	1623	0
59	1652	0
59	164	0
59	1159	0
59	555	0
59	223	0
59	268	0
59	157	0
72	1641	0
72	413	0
72	1250	0
72	1151	0
72	1036	0
72	186	0
72	1185	0
87	1555	0
87	217	0
87	618	0
87	1082	0
87	456	0
87	162	0
87	826	0
87	714	0
87	584	0
87	620	0
87	1253	0
42	1502	0
42	1103	0
42	1254	0
42	1298	0
42	1275	0
42	326	0
42	594	0
42	32	0
42	1148	0
292	131	0
292	688	0
292	318	0
292	202	0
292	1394	0
292	796	0
20	585	0
20	72	0
20	1369	0
13	1225	0
13	394	0
13	1666	0
13	1072	0
13	387	0
13	1483	0
13	1508	0
13	1575	0
13	1236	0
13	705	0
13	1031	0
13	752	0
13	1584	0
13	711	0
13	342	0
13	1522	0
13	1052	0
13	1576	0
13	1327	0
13	166	0
13	186	0
13	938	0
13	275	0
13	1288	0
13	1057	0
13	1364	0
13	44	0
13	1424	0
13	1133	0
13	1312	0
13	1617	0
138	73	0
138	191	0
138	418	0
60	735	0
60	732	0
60	184	0
60	127	0
60	347	0
60	904	0
60	765	0
60	1076	0
60	1636	0
60	634	0
57	1363	0
57	788	0
57	1137	0
57	1474	0
57	958	0
57	1538	0
223	599	0
223	340	0
223	1399	0
223	1089	0
223	545	0
189	1264	0
189	696	0
189	972	0
189	1092	0
189	1583	0
189	550	0
189	1636	0
189	1182	0
189	1486	0
243	1007	0
243	403	0
243	1070	0
243	358	0
92	1507	0
92	354	0
92	956	0
92	417	0
92	633	0
92	355	0
92	1044	0
92	1273	0
92	951	0
92	1379	0
92	812	0
92	1545	0
92	1624	0
92	426	0
92	1665	0
92	1283	0
92	1375	0
92	246	0
92	613	0
241	811	0
241	80	0
254	1082	0
254	1242	0
254	1376	0
254	134	0
254	508	0
254	1049	0
254	327	0
254	1648	0
293	1145	0
293	620	0
293	953	0
293	1348	0
293	677	0
293	1503	0
293	345	0
293	277	0
293	1593	0
293	1365	0
293	1623	0
293	1037	0
293	581	0
293	865	0
293	1631	0
293	1398	0
293	1467	0
293	1042	0
293	1417	0
127	922	0
127	160	0
222	1375	0
222	1274	0
222	1405	0
222	907	0
222	802	0
222	803	0
222	1538	0
222	974	0
222	1103	0
222	1121	0
222	973	0
222	148	0
222	262	0
222	384	0
222	36	0
222	937	0
222	1350	0
222	1573	0
222	1254	0
267	1336	0
267	898	0
267	1056	0
267	1115	0
267	1495	0
267	897	0
267	883	0
267	1609	0
267	634	0
11	967	0
11	407	0
11	218	0
11	482	0
11	747	0
11	329	0
11	992	0
11	193	0
11	860	0
8	1327	0
8	219	0
8	318	0
162	1638	0
162	152	0
279	1192	0
279	220	0
279	902	0
279	253	0
279	830	0
279	1596	0
279	961	0
279	511	0
279	1530	0
279	693	0
279	77	0
279	936	0
279	1005	0
279	1396	0
279	1284	0
279	987	0
279	1548	0
279	704	0
279	1501	0
279	1164	0
279	700	0
145	607	0
145	1466	0
145	394	0
145	671	0
145	699	0
145	1362	0
145	1139	0
145	622	0
145	126	0
145	27	0
145	753	0
145	372	0
145	295	0
145	40	0
145	710	0
145	871	0
28	1405	0
28	292	0
28	929	0
28	1335	0
135	167	0
135	1135	0
135	1089	0
32	333	0
32	1472	0
90	62	0
90	1516	0
90	933	0
90	1651	0
90	1009	0
90	71	0
90	1397	0
90	741	0
90	1377	0
90	108	0
90	1096	0
90	1492	0
90	754	0
90	1398	0
90	1036	0
216	207	0
216	1131	0
216	575	0
216	598	0
216	1111	0
216	306	0
216	411	0
250	302	0
250	847	0
250	1588	0
250	934	0
250	1538	0
250	1300	0
271	1295	0
271	1594	0
271	1270	0
271	1074	0
271	1286	0
271	865	0
271	27	0
271	219	0
271	1082	0
271	1165	0
271	229	0
271	807	0
271	781	0
271	1187	0
265	189	0
265	1230	0
265	631	0
198	821	0
198	1556	0
198	846	0
198	683	0
198	590	0
198	1205	0
198	1258	0
198	360	0
198	1184	0
168	902	0
168	1223	0
168	1333	0
168	1129	0
110	919	0
110	1016	0
110	238	0
110	47	0
110	616	0
110	207	0
110	490	0
58	1106	0
58	139	0
58	441	0
58	115	0
58	643	0
58	806	0
58	22	0
58	233	0
237	140	0
237	1579	0
237	1664	0
94	850	0
94	1629	0
94	726	0
94	880	0
94	1482	0
94	1237	0
94	612	0
94	1190	0
94	922	0
94	865	0
94	767	0
94	1127	0
94	136	0
94	1460	0
94	1492	0
94	1517	0
94	551	0
94	1544	0
94	623	0
94	638	0
128	1034	0
128	189	0
128	806	0
128	921	0
128	973	0
128	492	0
128	29	0
128	1495	0
128	524	0
44	1571	0
44	1090	0
44	1347	0
44	1328	0
44	149	0
44	45	0
44	1275	0
44	802	0
264	1200	0
264	195	0
264	708	0
264	1467	0
264	784	0
264	838	0
41	246	0
41	850	0
41	1189	0
82	539	0
82	1118	0
82	377	0
82	1030	0
82	1170	0
82	200	0
82	1491	0
82	1002	0
262	35	0
262	1263	0
262	1390	0
262	102	0
262	1647	0
262	186	0
262	1282	0
262	1668	0
174	1179	0
174	1679	0
174	1577	0
174	1045	0
174	1298	0
174	1143	0
174	1352	0
174	1112	0
174	26	0
43	1535	0
43	1616	0
43	990	0
43	1030	0
43	477	0
43	1447	0
43	1041	0
43	1623	0
43	1215	0
43	872	0
43	1389	0
84	984	0
84	1098	0
84	162	0
84	908	0
269	1329	0
269	1346	0
269	1112	0
269	1376	0
269	1410	0
269	1314	0
269	467	0
269	359	0
269	1600	0
269	1061	0
269	396	0
269	91	0
269	877	0
269	1144	0
269	1030	0
269	278	0
259	633	0
259	83	0
259	1147	0
85	1142	0
85	1409	0
85	1371	0
85	493	0
85	413	0
85	1525	0
85	965	0
85	942	0
85	1444	0
85	148	0
85	1091	0
85	1189	0
85	572	0
85	858	0
213	1633	0
213	1639	0
213	605	0
213	1043	0
213	1242	0
213	1005	0
213	1516	0
121	389	0
121	1522	0
121	494	0
121	1356	0
49	926	0
49	1448	0
49	1321	0
49	303	0
49	942	0
49	772	0
49	876	0
49	1086	0
49	61	0
49	1631	0
49	1488	0
155	647	0
155	150	0
68	480	0
68	936	0
172	193	0
172	903	0
19	969	0
268	1218	0
268	1007	0
268	1488	0
268	703	0
268	1489	0
268	136	0
268	1421	0
268	1444	0
268	950	0
268	902	0
268	132	0
268	1169	0
268	987	0
268	1620	0
268	1587	0
268	1081	0
5	1484	0
5	495	0
5	733	0
5	884	0
5	71	0
5	537	0
5	1224	0
5	1012	0
5	321	0
80	1242	0
80	1277	0
66	635	0
66	1264	0
18	1141	0
18	1118	0
18	797	0
18	1257	0
18	161	0
18	1632	0
18	1605	0
18	351	0
18	1651	0
18	1286	0
18	1374	0
18	49	0
18	800	0
18	1599	0
26	1512	0
26	1115	0
26	124	0
26	1671	0
26	1021	0
26	594	0
130	1255	0
130	1091	0
130	46	0
130	308	0
130	1126	0
130	1577	0
130	629	0
130	574	0
130	714	0
130	1363	0
130	1172	0
130	21	0
130	422	0
130	693	0
130	386	0
130	1145	0
130	549	0
256	627	0
256	1020	0
256	812	0
256	919	0
256	1335	0
256	1091	0
256	248	0
256	1469	0
256	1465	0
256	1368	0
1	1210	0
1	1522	0
1	754	0
1	366	0
1	1410	0
1	1398	0
1	708	0
1	1085	0
1	1546	0
1	1555	0
1	1140	0
1	675	0
1	778	0
56	1099	0
56	1277	0
56	472	0
56	120	0
56	1374	0
56	584	0
56	804	0
56	1628	0
56	970	0
15	1610	0
15	360	0
15	195	0
15	89	0
15	281	0
207	865	0
207	989	0
207	1432	0
207	769	0
207	77	0
207	377	0
207	1172	0
207	661	0
207	577	0
207	1564	0
207	1507	0
232	1049	0
232	1060	0
232	1186	0
232	565	0
232	1211	0
52	319	0
52	367	0
52	1612	0
161	205	0
161	1139	0
161	1107	0
148	48	0
148	485	0
148	684	0
148	1471	0
125	1154	0
125	444	0
125	375	0
125	1264	0
125	1109	0
125	974	0
125	13	0
125	1034	0
125	516	0
83	924	0
83	1653	0
83	1559	0
83	3	0
83	1352	0
83	177	0
83	1519	0
83	833	0
272	607	0
272	190	0
272	1548	0
151	777	0
151	789	0
151	399	0
151	805	0
151	11	0
151	1137	0
151	1086	0
151	1395	0
151	589	0
151	27	0
151	917	0
151	1075	0
151	822	0
151	322	0
151	995	0
54	1090	0
54	301	0
54	1647	0
54	1343	0
16	1601	0
16	959	0
16	1239	0
16	885	0
16	610	0
16	159	0
16	1147	0
91	1304	0
91	769	0
91	716	0
91	801	0
91	1428	0
294	1343	0
294	421	0
294	107	0
294	1340	0
294	719	0
294	1308	0
294	428	0
294	173	0
229	241	0
229	674	0
36	804	0
70	872	0
70	433	0
70	1422	0
70	269	0
70	1085	0
70	1526	0
70	1380	0
14	773	0
14	50	0
14	1392	0
14	1458	0
14	1482	0
295	1258	0
295	1429	0
295	916	0
295	565	0
295	813	0
295	1488	0
295	706	0
295	753	0
295	1111	0
295	1627	0
233	733	0
233	1655	0
233	646	0
233	789	0
233	1042	0
233	410	0
214	1439	0
214	1000	0
214	1159	0
214	1303	0
214	894	0
214	1258	0
214	581	0
192	1235	0
192	1089	0
100	187	0
100	25	0
100	1022	0
307	770	0
307	363	0
307	954	0
307	95	0
307	58	0
307	326	0
297	1607	0
297	868	0
297	1649	0
297	585	0
297	838	0
297	1227	0
297	779	0
297	104	0
297	1588	0
297	1437	0
193	250	0
193	254	0
193	1510	0
193	26	0
193	1639	0
193	1528	0
113	309	0
113	265	0
113	1677	0
275	1456	0
275	486	0
275	1293	0
275	912	0
275	784	0
219	1641	0
219	1263	0
218	298	0
218	1266	0
218	401	0
123	734	0
123	364	0
123	376	0
158	899	0
158	1430	0
158	155	0
158	768	0
158	606	0
158	622	0
158	707	0
158	962	0
158	762	0
302	1081	0
23	1238	0
23	1257	0
23	87	0
23	1612	0
23	1146	0
23	647	0
23	287	0
23	981	0
296	622	0
296	1481	0
296	1232	0
296	1261	0
296	192	0
296	501	0
296	1109	0
296	1152	0
33	1183	0
33	1338	0
154	1234	0
154	1435	0
154	1378	0
77	1387	0
77	1432	0
77	469	0
77	1182	0
270	1210	0
270	1103	0
270	1627	0
270	992	0
270	1063	0
270	1436	0
270	863	0
187	25	0
187	6	0
187	1303	0
170	275	0
170	278	0
101	533	0
101	1680	0
101	1679	0
101	181	0
184	249	0
184	984	0
184	103	0
184	1049	0
184	1480	0
184	295	0
184	1100	0
184	1675	0
184	1384	0
184	1391	0
184	37	0
184	1202	0
184	921	0
112	1593	0
112	1238	0
112	1258	0
133	1663	0
133	682	0
215	298	0
215	192	0
215	341	0
215	126	0
215	1623	0
69	1340	0
69	934	0
69	1419	0
69	1422	0
104	681	0
104	102	0
104	1246	0
104	1417	0
104	1501	0
104	1558	0
240	766	0
240	943	0
144	1119	0
144	142	0
144	1462	0
144	1360	0
144	856	0
144	1649	0
144	948	0
144	1628	0
144	1229	0
144	1603	0
191	1521	0
191	323	0
61	788	0
142	740	0
142	1418	0
177	459	0
177	1044	0
177	171	0
177	244	0
177	166	0
177	1639	0
203	1564	0
203	1660	0
21	1105	0
21	802	0
21	555	0
21	1092	0
21	433	0
21	732	0
21	62	0
21	1154	0
21	1090	0
197	1473	0
197	846	0
197	819	0
197	1393	0
197	120	0
197	962	0
134	3	0
134	1125	0
180	92	0
180	234	0
180	1162	0
236	624	0
236	331	0
236	1504	0
236	711	0
236	1430	0
236	819	0
263	1599	0
263	152	0
263	1389	0
263	1315	0
263	1349	0
263	379	0
109	315	0
109	1238	0
109	116	0
109	1186	0
109	84	0
109	1290	0
109	467	0
109	1160	0
109	1022	0
109	465	0
109	2	0
109	1344	0
64	248	0
64	327	0
64	82	0
64	720	0
64	1220	0
64	21	0
64	1082	0
64	106	0
64	1648	0
64	1625	0
114	335	0
114	1137	0
114	1159	0
239	329	0
239	1322	0
239	323	0
239	830	0
239	32	0
239	1562	0
239	169	0
239	375	0
117	750	0
117	718	0
117	515	0
117	449	0
117	1132	0
65	907	0
65	1558	0
65	1079	0
65	315	0
137	970	0
137	175	0
137	1182	0
257	530	0
257	268	0
257	387	0
111	995	0
111	1313	0
285	672	0
285	263	0
96	794	0
96	1493	0
96	1060	0
116	771	0
116	38	0
116	265	0
116	556	0
116	1614	0
116	1555	0
116	1423	0
73	726	0
73	1151	0
73	762	0
73	1003	0
221	909	0
221	564	0
221	810	0
221	193	0
221	696	0
221	166	0
221	523	0
235	37	0
235	763	0
235	1648	0
235	770	0
235	876	0
164	629	0
164	882	0
164	770	0
281	1404	0
281	1035	0
182	367	0
182	1443	0
129	460	0
129	260	0
45	1067	0
45	1020	0
45	1395	0
131	788	0
131	1117	0
230	35	0
230	750	0
230	1147	0
230	1083	0
230	1464	0
230	492	0
230	1190	0
126	782	0
126	397	0
126	1266	0
231	491	0
280	597	0
280	614	0
280	979	0
280	1360	0
280	84	0
280	1673	0
280	943	0
280	990	0
280	1340	0
280	1210	0
280	1259	0
280	1067	0
280	743	0
288	928	0
288	266	0
288	945	0
288	111	0
152	656	0
152	391	0
152	1096	0
152	1252	0
152	732	0
152	1505	0
217	211	0
217	1171	0
217	1525	0
217	503	0
79	968	0
79	866	0
79	548	0
75	602	0
75	1520	0
75	1597	0
75	1157	0
245	1043	0
245	839	0
282	1150	0
282	322	0
78	844	0
118	1300	0
118	1289	0
118	1251	0
118	1666	0
283	730	0
283	150	0
283	105	0
171	767	0
171	650	0
107	43	0
107	1397	0
226	565	0
226	924	0
226	1222	0
306	627	0
306	302	0
173	1213	0
173	1012	0
185	84	0
185	1090	0
185	411	0
150	515	0
150	171	0
274	1011	0
274	368	0
274	1634	0
274	1277	0
188	429	0
188	434	0
188	1576	0
188	1004	0
188	924	0
188	405	0
48	338	0
48	1232	0
48	924	0
48	1592	0
311	163	0
311	1334	0
311	355	0
311	1507	0
311	896	0
311	1434	0
311	1353	0
311	40	0
311	36	0
311	704	0
311	1392	0
311	1127	0
311	1115	0
311	646	0
311	969	0
165	686	0
165	14	0
208	1484	0
208	1143	0
2	1617	0
2	1620	0
2	526	0
205	1631	0
205	1297	0
248	714	0
248	1054	0
248	1018	0
93	294	0
159	536	0
159	902	0
159	582	0
159	1672	0
159	1367	0
159	520	0
146	1036	0
146	751	0
29	800	0
29	1402	0
156	1507	0
156	1630	0
37	861	0
37	379	0
37	1065	0
141	1410	0
141	1341	0
141	86	0
141	1366	0
141	977	0
141	263	0
195	1064	0
195	1467	0
195	1378	0
195	1140	0
195	187	0
108	1478	0
108	104	0
47	451	0
47	55	0
255	639	0
255	779	0
255	479	0
255	893	0
89	1351	0
89	417	0
89	1334	0
89	1483	0
140	1668	0
190	168	0
190	137	0
190	1160	0
24	1234	0
24	7	0
24	65	0
24	950	0
17	1040	0
17	177	0
313	1242	0
313	851	0
313	1342	0
313	757	0
313	1387	0
313	242	0
313	1283	0
313	1288	0
313	1489	0
313	852	0
313	943	0
313	371	0
313	1220	0
53	1575	0
53	996	0
124	530	0
124	936	0
149	983	0
149	578	0
176	1541	0
176	5	0
176	853	0
106	23	0
106	1282	0
106	1402	0
106	372	0
312	914	0
312	1523	0
312	1410	0
312	527	0
312	113	0
312	1288	0
312	1356	0
312	446	0
312	1368	0
312	724	0
312	1631	0
175	1096	0
175	743	0
153	1370	0
153	969	0
220	976	0
220	858	0
143	485	0
199	869	0
199	844	0
202	1074	0
277	1018	0
277	1082	0
277	1631	0
206	1033	0
206	455	0
206	1117	0
206	577	0
76	1453	0
76	737	0
76	645	0
76	891	0
314	1273	0
314	954	0
314	189	0
314	40	0
314	1118	0
314	634	0
314	275	0
314	1281	0
314	1539	0
314	352	0
314	1618	0
314	995	0
136	913	0
136	335	0
179	600	0
179	1083	0
4	1665	0
4	827	0
304	367	0
304	1632	0
3	714	0
3	1666	0
3	311	0
227	1310	0
227	803	0
227	867	0
252	433	0
212	287	0
212	1440	0
310	1298	0
35	1157	0
35	172	0
147	919	0
105	1657	0
105	406	0
34	1238	0
71	1424	0
71	715	0
51	326	0
51	391	0
204	879	0
204	445	0
315	123	0
315	788	0
315	1553	0
315	1347	0
315	533	0
31	456	0
31	1103	0
316	371	0
316	1155	0
316	559	0
316	229	0
103	390	0
103	994	0
318	129	0
318	1013	0
318	1386	0
318	511	0
318	1071	0
318	1519	0
318	231	0
318	500	0
318	1620	0
30	103	0
30	1192	0
120	996	0
120	762	0
46	1461	0
46	335	0
289	451	0
289	614	0
209	598	0
209	704	0
261	1625	0
261	760	0
88	327	0
9	555	0
9	278	0
247	352	0
247	134	0
321	978	0
321	718	0
321	1216	0
321	1156	0
321	1053	0
321	391	0
266	1155	0
266	340	0
74	1256	0
74	1175	0
238	201	0
238	98	0
319	630	0
319	192	0
323	898	0
323	605	0
323	793	0
323	1100	0
323	1222	0
67	1346	0
67	21	0
211	728	0
211	1234	0
98	312	0
98	1337	0
12	951	0
12	42	0
12	1445	0
40	703	0
40	139	0
258	1127	0
258	1603	0
228	381	0
325	716	0
325	500	0
325	1276	0
325	742	0
325	870	0
325	299	0
325	344	0
320	1568	0
320	938	0
320	1442	0
320	567	0
320	697	0
320	1080	0
320	717	0
320	371	0
326	1008	0
326	1614	0
326	1155	0
326	751	0
326	1303	0
326	1453	0
326	830	0
326	1445	0
326	1014	0
327	1513	0
327	1166	0
327	1093	0
327	1121	0
327	642	0
327	1360	0
327	596	0
327	699	0
327	1403	0
327	1201	0
327	1633	0
327	495	0
327	653	0
327	1506	0
183	368	0
183	1607	0
183	963	0
328	1004	0
328	351	0
328	1069	0
328	476	0
328	1550	0
328	417	0
328	13	0
328	140	0
328	602	0
328	1310	0
328	253	0
328	248	0
328	279	0
328	1539	0
322	1576	0
322	1622	0
322	380	0
330	1512	0
330	463	0
330	1061	0
330	1310	0
330	865	0
330	378	0
330	39	0
330	1615	0
27	761	0
27	370	0
331	319	0
331	1439	0
331	688	0
331	10	0
332	1647	0
332	976	0
332	837	0
332	334	0
332	1118	0
332	608	0
332	1605	0
332	538	0
332	614	0
329	140	0
329	929	0
329	1413	0
329	1110	0
86	1070	0
86	683	0
139	1205	0
139	273	0
300	998	0
163	711	0
163	1437	0
333	106	0
333	121	0
334	915	0
334	1379	0
334	949	0
334	565	0
334	932	0
334	917	0
334	1183	0
334	752	0
334	1191	0
334	638	0
334	985	0
334	832	0
334	547	0
334	1245	0
334	1091	0
334	75	0
39	232	0
39	429	0
324	847	0
324	1631	0
324	146	0
324	1038	0
132	198	0
132	937	0
336	405	0
336	1601	0
336	1343	0
336	273	0
336	1434	0
336	876	0
336	1643	0
335	1106	0
335	975	0
169	637	0
169	1127	0
338	1192	0
338	360	0
338	965	0
338	1583	0
339	652	0
339	1256	0
339	21	0
339	109	0
339	812	0
339	163	0
339	996	0
339	232	0
339	1406	0
339	1422	0
339	672	0
339	1378	0
339	1575	0
309	329	0
342	1522	0
342	21	0
342	727	0
342	1352	0
342	715	0
342	1096	0
342	1627	0
342	1628	0
342	1676	0
342	669	0
340	716	0
340	1572	0
340	1183	0
317	997	0
317	330	0
341	1129	0
343	1400	0
343	1138	0
343	1016	0
343	1350	0
343	1594	0
343	293	0
343	354	0
343	1494	0
343	574	0
343	1523	0
343	305	0
343	1015	0
344	445	0
344	835	0
344	168	0
344	1322	0
344	415	0
344	1307	0
344	344	0
344	1550	0
344	1336	0
344	1170	0
345	1336	0
345	683	0
345	1509	0
345	1012	0
345	261	0
345	1083	0
345	1020	0
345	991	0
345	1218	0
345	1615	0
345	1378	0
345	1477	0
346	1198	0
346	1357	0
346	565	0
346	1491	0
346	1645	0
346	887	0
346	528	0
346	611	0
346	1252	0
346	807	0
347	375	0
347	60	0
347	673	0
347	1036	0
347	548	0
347	1661	0
347	1304	0
347	314	0
347	1612	0
347	1383	0
273	308	0
273	939	0
55	787	0
349	723	0
349	1662	0
348	897	0
348	726	0
348	937	0
354	125	0
354	1558	0
354	412	0
354	1340	0
354	687	0
354	1135	0
354	719	0
354	1288	0
354	658	0
354	1594	0
354	670	0
354	1638	0
351	305	0
351	686	0
351	841	0
358	130	0
358	826	0
352	959	0
352	442	0
360	325	0
360	30	0
360	1122	0
360	1057	0
360	1083	0
363	869	0
363	1078	0
363	966	0
363	500	0
363	418	0
363	635	0
363	1255	0
363	1295	0
363	1040	0
363	1667	0
363	647	0
363	1354	0
363	596	0
363	1401	0
363	633	0
355	248	0
355	463	0
362	1190	0
362	570	0
357	1185	0
357	1589	0
357	1384	0
357	1061	0
356	903	0
356	100	0
361	477	0
361	1332	0
361	646	0
361	320	0
361	1568	0
361	305	0
365	481	0
365	1407	0
365	1599	0
350	538	0
350	1286	0
350	1586	0
367	922	0
367	131	0
367	962	0
368	1004	0
368	501	0
368	1456	0
371	953	0
371	475	0
371	580	0
373	1282	0
373	261	0
373	492	0
373	490	0
373	218	0
373	1160	0
373	989	0
373	1414	0
373	929	0
373	1003	0
373	576	0
373	1401	0
370	593	0
370	139	0
370	91	0
370	1131	0
374	1629	0
374	1193	0
374	436	0
374	1459	0
374	1146	0
374	1140	0
374	1088	0
374	1114	0
374	610	0
374	813	0
374	1492	0
374	736	0
374	1401	0
374	965	0
372	515	0
372	220	0
372	28	0
372	1234	0
337	1003	0
337	1566	0
378	891	0
378	1138	0
378	1139	0
378	1239	0
378	931	0
378	910	0
378	892	0
378	1441	0
378	672	0
378	685	0
378	994	0
378	384	0
378	633	0
378	512	0
378	298	0
378	1517	0
378	1649	0
378	1002	0
366	981	0
366	949	0
377	200	0
377	1675	0
375	1427	0
375	1176	0
359	1262	0
359	1148	0
379	1465	0
379	1303	0
379	162	0
379	1308	0
379	360	0
379	1316	0
379	921	0
379	1630	0
379	691	0
379	1296	0
380	701	0
380	550	0
380	336	0
380	288	0
380	1435	0
380	1270	0
380	1382	0
380	1081	0
381	781	0
381	1210	0
381	1477	0
381	345	0
381	1147	0
381	1589	0
381	1206	0
385	1252	0
385	1152	0
385	1250	0
385	1652	0
385	452	0
385	1657	0
385	769	0
385	126	0
385	1412	0
385	583	0
385	652	0
385	627	0
385	1672	0
385	1416	0
382	1512	0
382	1013	0
382	38	0
387	1603	0
387	78	0
387	883	0
387	1216	0
387	360	0
387	90	0
387	1107	0
387	1507	0
387	1372	0
387	1325	0
387	920	0
387	179	0
387	529	0
387	434	0
387	891	0
364	1026	0
369	686	0
369	462	0
388	1616	0
388	1410	0
388	66	0
386	490	0
386	1454	0
389	144	0
389	375	0
389	590	0
389	1472	0
389	1157	0
389	1275	0
389	110	0
389	1310	0
389	1135	0
389	86	0
389	878	0
389	658	0
389	982	0
383	1491	0
383	702	0
383	1481	0
383	501	0
390	1291	0
390	1053	0
393	433	0
393	1312	0
393	517	0
393	1519	0
393	822	0
393	1634	0
393	1673	0
393	715	0
393	1126	0
393	1269	0
393	670	0
393	853	0
393	1000	0
393	306	0
393	764	0
393	1667	0
393	1435	0
393	1456	0
393	780	0
393	1255	0
393	985	0
393	1233	0
392	956	0
392	718	0
392	774	0
392	1485	0
392	571	0
392	1313	0
376	1503	0
376	642	0
394	1507	0
394	1531	0
394	875	0
394	167	0
394	1335	0
394	480	0
394	893	0
394	503	0
391	1611	0
391	1462	0
391	1199	0
391	506	0
391	823	0
391	1499	0
398	1129	0
398	803	0
398	1109	0
398	1630	0
398	986	0
398	1504	0
398	524	0
398	1279	0
398	855	0
397	1092	0
397	1570	0
397	1629	0
397	456	0
397	46	0
399	819	0
399	1145	0
399	1006	0
399	317	0
399	1451	0
399	10	0
399	1511	0
399	750	0
399	1181	0
399	929	0
399	1462	0
399	600	0
399	838	0
399	652	0
399	1606	0
399	1289	0
396	1515	0
396	745	0
396	605	0
401	116	0
401	1281	0
401	814	0
401	1642	0
401	178	0
401	239	0
401	290	0
401	1198	0
402	489	0
402	1068	0
402	252	0
402	826	0
384	1238	0
384	640	0
395	1580	0
395	1189	0
395	1487	0
353	683	0
353	1372	0
403	469	0
403	558	0
403	404	0
405	891	0
405	421	0
405	587	0
405	346	0
405	605	0
405	411	0
405	1465	0
405	1640	0
405	532	0
405	1512	0
405	889	0
405	283	0
405	108	0
405	557	0
405	240	0
405	1382	0
405	980	0
405	546	0
405	457	0
405	1071	0
405	246	0
405	1059	0
405	1235	0
405	407	0
405	1427	0
405	1263	0
405	1556	0
405	206	0
405	1075	0
405	819	0
405	477	0
405	262	0
405	1647	0
405	831	0
405	963	0
405	1565	0
400	834	0
400	1170	0
406	566	0
406	943	0
406	1225	0
406	1621	0
406	1585	0
406	1217	0
406	74	0
406	554	0
406	1162	0
406	333	0
406	104	0
406	1160	0
406	786	0
406	682	0
406	1066	0
406	721	0
406	1039	0
407	81	0
407	1282	0
407	1395	0
407	136	0
407	149	0
407	1452	0
407	805	0
407	820	0
407	166	0
407	1281	0
407	826	0
409	125	0
409	1217	0
409	885	0
409	737	0
409	366	0
409	1486	0
409	1529	0
409	1640	0
409	699	0
409	741	0
404	1311	0
404	15	0
404	1104	0
413	1588	0
413	1509	0
413	23	0
416	903	0
416	1260	0
416	63	0
416	172	0
416	1602	0
416	373	0
416	1373	0
416	1372	0
416	212	0
416	936	0
416	1164	0
416	173	0
416	556	0
416	1569	0
416	583	0
416	1520	0
416	611	0
416	1027	0
416	84	0
416	728	0
416	1073	0
416	272	0
416	1194	0
416	1218	0
408	127	0
408	919	0
410	1191	0
410	1305	0
411	1670	0
411	177	0
411	1416	0
417	600	0
417	1658	0
417	1117	0
417	1367	0
417	406	0
417	1575	0
417	606	0
417	444	0
417	1150	0
417	1098	0
417	1276	0
417	545	0
417	894	0
417	1515	0
417	1410	0
417	919	0
417	801	0
417	1437	0
412	1166	0
412	672	0
412	705	0
420	744	0
420	1460	0
422	1594	0
422	1580	0
422	1311	0
422	1561	0
422	990	0
425	1556	0
425	1316	0
425	863	0
425	15	0
425	1476	0
425	1112	0
425	819	0
425	1553	0
425	912	0
425	637	0
419	1495	0
419	1470	0
415	981	0
415	1630	0
423	970	0
423	794	0
423	906	0
423	1522	0
429	217	0
429	1498	0
429	1500	0
429	1299	0
429	754	0
429	904	0
429	253	0
429	1212	0
429	334	0
429	1670	0
429	1107	0
429	1131	0
429	620	0
429	1460	0
429	523	0
429	1127	0
429	1382	0
429	295	0
429	1374	0
429	1666	0
428	459	0
428	427	0
428	261	0
427	1592	0
427	1544	0
418	205	0
424	884	0
424	703	0
424	1681	0
432	196	0
432	984	0
432	366	0
421	1618	0
421	13	0
421	1081	0
435	636	0
435	1632	0
435	1663	0
435	1137	0
435	1441	0
435	671	0
435	1428	0
435	102	0
435	106	0
435	1175	0
435	309	0
435	669	0
435	1506	0
435	312	0
435	1255	0
435	868	0
435	165	0
435	1222	0
435	1567	0
433	973	0
433	1593	0
426	1290	0
426	215	0
426	1000	0
426	402	0
426	52	0
436	1136	0
436	1665	0
436	126	0
436	1435	0
436	1154	0
436	1049	0
436	586	0
430	674	0
430	1119	0
430	1227	0
430	1483	0
434	61	0
434	1228	0
434	681	0
437	1214	0
437	620	0
437	368	0
437	1633	0
437	1112	0
437	679	0
437	1628	0
437	1487	0
437	1454	0
437	1489	0
437	1239	0
437	1663	0
437	848	0
438	1558	0
438	449	0
431	1110	0
442	1091	0
442	1466	0
442	1072	0
442	613	0
442	1143	0
442	1318	0
442	1053	0
440	905	0
440	1155	0
440	1655	0
445	346	0
445	606	0
445	567	0
445	1451	0
445	547	0
445	179	0
445	1529	0
447	227	0
447	1509	0
447	1176	0
447	1056	0
447	1542	0
447	871	0
447	136	0
449	1381	0
449	1435	0
449	826	0
449	1306	0
450	271	0
450	1460	0
450	563	0
450	882	0
450	1075	0
450	337	0
450	1337	0
450	854	0
450	1340	0
450	407	0
450	838	0
450	1001	0
450	1187	0
450	20	0
450	914	0
450	1440	0
450	1176	0
450	954	0
450	426	0
450	1069	0
450	1136	0
450	784	0
450	1257	0
450	1384	0
450	1562	0
450	1005	0
446	351	0
446	41	0
439	511	0
439	118	0
451	148	0
451	1622	0
451	487	0
451	1106	0
451	804	0
452	1445	0
452	1008	0
452	1607	0
452	1029	0
452	932	0
452	40	0
452	1067	0
452	1019	0
452	1316	0
452	1	0
454	1150	0
454	831	0
454	1545	0
454	1410	0
454	1154	0
454	309	0
454	116	0
454	1552	0
454	1593	0
454	1018	0
454	1059	0
454	550	0
453	960	0
453	923	0
453	958	0
453	1630	0
453	709	0
453	1535	0
453	1349	0
453	1022	0
414	81	0
414	171	0
455	983	0
455	929	0
455	1607	0
455	1228	0
455	1426	0
455	524	0
455	519	0
455	211	0
455	641	0
455	1658	0
444	695	0
444	866	0
448	737	0
448	988	0
457	1314	0
457	1417	0
457	583	0
457	800	0
457	825	0
457	101	0
457	764	0
457	1439	0
457	419	0
457	878	0
457	646	0
457	963	0
457	1563	0
457	890	0
456	875	0
456	355	0
456	1245	0
456	311	0
456	398	0
456	1280	0
456	953	0
456	158	0
456	157	0
456	5	0
456	1644	0
458	1372	0
458	206	0
458	325	0
458	96	0
458	1222	0
458	831	0
458	178	0
458	888	0
458	456	0
462	58	0
462	1428	0
459	599	0
459	46	0
459	211	0
459	464	0
459	206	0
459	917	0
460	1286	0
460	1280	0
460	222	0
460	790	0
461	1443	0
461	144	0
467	1015	0
467	994	0
467	918	0
468	814	0
468	175	0
468	1580	0
468	982	0
468	1451	0
468	990	0
468	798	0
466	1480	0
466	603	0
466	669	0
466	1246	0
466	1413	0
472	1307	0
472	1251	0
472	25	0
472	1068	0
472	894	0
472	346	0
472	1671	0
472	1167	0
472	79	0
472	1305	0
472	255	0
472	209	0
472	1084	0
465	347	0
465	648	0
465	278	0
465	271	0
463	1350	0
463	566	0
463	66	0
463	1297	0
463	1046	0
463	1308	0
463	655	0
471	1395	0
471	1681	0
474	221	0
474	1286	0
474	850	0
474	1432	0
474	1464	0
474	1346	0
474	1500	0
474	1628	0
474	334	0
474	1444	0
474	1265	0
474	369	0
474	1167	0
474	1632	0
474	108	0
474	1301	0
469	186	0
469	636	0
464	1413	0
464	285	0
464	1450	0
476	733	0
476	395	0
476	597	0
476	785	0
478	1292	0
478	1680	0
478	1538	0
478	231	0
478	949	0
478	1201	0
473	314	0
473	1126	0
470	1610	0
470	618	0
470	569	0
480	545	0
480	978	0
480	594	0
441	1180	0
479	1267	0
479	1392	0
479	468	0
479	1045	0
479	1393	0
479	9	0
479	1520	0
479	1682	0
479	1257	0
479	473	0
484	1603	0
484	532	0
484	985	0
484	1467	0
484	606	0
484	610	0
484	852	0
486	500	0
486	456	0
486	519	0
486	466	0
486	969	0
486	980	0
486	1595	0
486	1283	0
486	1323	0
486	1242	0
487	1624	0
487	980	0
487	928	0
487	35	0
487	212	0
487	1158	0
487	381	0
487	1278	0
487	811	0
487	526	0
487	1587	0
487	1193	0
482	727	0
482	902	0
481	1268	0
481	1193	0
481	932	0
492	604	0
492	612	0
492	566	0
493	396	0
493	1135	0
493	1409	0
493	416	0
493	1070	0
493	1106	0
493	735	0
490	1169	0
490	1153	0
490	1188	0
489	966	0
489	1034	0
489	374	0
489	586	0
489	1483	0
489	1406	0
483	1199	0
483	583	0
483	1330	0
496	1315	0
496	960	0
496	115	0
496	1646	0
496	899	0
496	1609	0
496	1328	0
494	565	0
494	331	0
494	33	0
495	81	0
495	1090	0
495	1468	0
495	310	0
495	913	0
495	1645	0
495	1373	0
495	111	0
495	958	0
495	771	0
495	134	0
477	502	0
477	766	0
497	129	0
497	666	0
497	357	0
497	1493	0
497	1277	0
497	967	0
497	862	0
497	556	0
497	284	0
497	1526	0
497	1004	0
497	225	0
497	317	0
497	942	0
488	1182	0
488	584	0
488	1521	0
488	1138	0
488	171	0
488	1430	0
488	819	0
488	1002	0
498	1383	0
498	369	0
498	1353	0
498	219	0
498	1506	0
498	35	0
498	1063	0
498	1265	0
499	281	0
499	1151	0
499	1289	0
499	1347	0
499	1637	0
491	863	0
491	103	0
500	1054	0
500	1388	0
500	939	0
500	1671	0
500	203	0
500	1459	0
500	881	0
500	999	0
500	829	0
500	926	0
500	981	0
502	1011	0
502	166	0
503	523	0
503	43	0
503	1244	0
503	473	0
503	95	0
503	626	0
503	284	0
503	120	0
504	172	0
504	931	0
504	626	0
504	220	0
504	1650	0
504	1587	0
504	929	0
504	1059	0
504	304	0
504	1239	0
504	785	0
504	1037	0
504	1345	0
505	749	0
505	350	0
505	784	0
505	657	0
505	1656	0
505	1274	0
506	1278	0
506	1523	0
506	1438	0
506	1513	0
506	505	0
506	729	0
506	781	0
506	1340	0
506	306	0
506	1213	0
506	1038	0
506	1580	0
443	1153	0
443	1284	0
507	1165	0
507	1247	0
507	1279	0
514	1352	0
514	1572	0
514	203	0
514	1650	0
514	1232	0
514	716	0
514	1125	0
514	1627	0
514	601	0
514	1473	0
508	55	0
508	242	0
508	1228	0
508	944	0
508	465	0
511	907	0
511	1667	0
515	124	0
515	576	0
512	714	0
513	958	0
513	1028	0
475	943	0
523	1593	0
523	1484	0
523	1525	0
523	53	0
523	394	0
518	337	0
518	179	0
518	1397	0
518	821	0
509	606	0
509	1249	0
516	640	0
510	1069	0
510	1150	0
524	1415	0
524	1366	0
524	626	0
524	1262	0
524	1021	0
524	1005	0
524	1194	0
524	1258	0
524	1245	0
524	358	0
524	1217	0
524	1472	0
524	380	0
524	545	0
524	1178	0
501	1498	0
501	1624	0
501	1386	0
501	219	0
525	1573	0
525	645	0
525	549	0
521	630	0
521	80	0
521	1494	0
521	569	0
521	1301	0
521	955	0
521	652	0
521	501	0
520	150	0
520	129	0
519	1486	0
519	1525	0
519	1302	0
528	1390	0
528	217	0
528	221	0
532	1431	0
532	160	0
532	1393	0
532	1029	0
532	110	0
532	1677	0
532	1272	0
532	1075	0
532	299	0
532	758	0
532	618	0
532	476	0
532	985	0
532	328	0
530	761	0
530	1370	0
530	327	0
531	953	0
531	262	0
529	1602	0
529	1271	0
517	184	0
517	1174	0
527	814	0
527	1036	0
527	1116	0
527	1100	0
527	1196	0
527	1194	0
527	916	0
485	811	0
485	1123	0
533	1538	0
533	721	0
533	755	0
533	304	0
533	656	0
533	908	0
533	414	0
533	565	0
533	912	0
533	695	0
533	247	0
533	827	0
533	1579	0
535	258	0
535	226	0
535	982	0
535	795	0
535	1504	0
535	790	0
535	784	0
535	379	0
535	1135	0
535	641	0
535	1675	0
536	604	0
536	1199	0
536	1589	0
536	1407	0
536	1169	0
536	1321	0
536	1279	0
536	814	0
526	779	0
526	735	0
526	354	0
526	1027	0
537	1182	0
537	31	0
537	1453	0
537	1315	0
537	353	0
537	163	0
537	1247	0
537	437	0
537	1291	0
537	1029	0
537	1461	0
537	396	0
537	1472	0
537	1660	0
537	1653	0
537	1022	0
537	1095	0
537	562	0
537	293	0
537	1389	0
537	280	0
537	156	0
537	1438	0
537	1542	0
534	836	0
534	1205	0
534	1036	0
534	411	0
541	977	0
541	549	0
541	1428	0
541	1377	0
541	486	0
541	1564	0
541	1125	0
538	1074	0
538	698	0
538	900	0
538	1098	0
542	1406	0
542	1403	0
542	220	0
542	362	0
542	1489	0
542	1184	0
542	1304	0
545	1655	0
545	1006	0
545	977	0
545	1491	0
545	1559	0
545	1425	0
545	1076	0
545	966	0
539	326	0
539	820	0
539	1236	0
547	753	0
547	1636	0
543	1325	0
543	697	0
543	728	0
543	1145	0
543	363	0
543	1522	0
543	487	0
543	1227	0
543	806	0
543	1116	0
548	474	0
548	963	0
548	1393	0
548	1263	0
548	548	0
548	522	0
548	1546	0
548	1185	0
546	951	0
546	1393	0
546	1603	0
522	750	0
522	1570	0
551	259	0
551	139	0
551	574	0
551	1595	0
551	547	0
551	109	0
551	1053	0
551	1049	0
551	1176	0
551	93	0
551	325	0
551	1506	0
551	942	0
551	364	0
551	1141	0
551	1495	0
544	399	0
544	517	0
553	1147	0
553	808	0
553	1351	0
553	379	0
553	569	0
552	1447	0
552	263	0
552	859	0
552	1643	0
540	553	0
540	534	0
540	942	0
554	92	0
554	718	0
554	261	0
554	651	0
554	1226	0
554	977	0
550	769	0
550	1540	0
556	664	0
556	440	0
556	1022	0
559	397	0
559	1651	0
559	708	0
559	518	0
560	419	0
560	766	0
560	1459	0
560	1421	0
560	1087	0
561	410	0
561	1647	0
561	792	0
561	275	0
561	248	0
561	246	0
561	1682	0
561	329	0
561	729	0
561	400	0
561	1393	0
561	1250	0
561	627	0
561	687	0
561	1548	0
561	1218	0
561	123	0
561	1344	0
563	1416	0
563	1197	0
566	921	0
566	1597	0
566	657	0
566	1150	0
566	481	0
566	1006	0
566	1488	0
566	1360	0
557	696	0
557	729	0
557	1013	0
558	318	0
564	1143	0
564	72	0
565	1661	0
565	1248	0
573	900	0
573	232	0
573	1589	0
549	213	0
549	1201	0
567	404	0
567	115	0
567	1251	0
567	380	0
567	868	0
567	1184	0
567	1083	0
567	1583	0
569	539	0
569	751	0
569	925	0
569	754	0
562	919	0
562	1341	0
562	1423	0
562	550	0
576	978	0
576	897	0
577	774	0
577	357	0
577	1455	0
577	1439	0
577	1585	0
577	1670	0
577	974	0
577	1588	0
577	927	0
579	862	0
579	1326	0
579	1328	0
579	247	0
574	545	0
574	1456	0
574	1081	0
555	1531	0
555	354	0
555	1595	0
572	1578	0
575	988	0
575	1303	0
584	1346	0
584	997	0
588	1410	0
588	329	0
588	570	0
588	271	0
588	738	0
588	420	0
588	1156	0
588	1253	0
588	946	0
588	1249	0
588	1428	0
587	1314	0
587	1669	0
587	872	0
587	345	0
587	674	0
568	1622	0
568	572	0
568	652	0
568	523	0
586	517	0
586	1519	0
586	202	0
586	283	0
586	1477	0
586	1592	0
586	81	0
586	842	0
585	214	0
585	66	0
585	1057	0
585	1156	0
582	1477	0
582	1351	0
582	1400	0
591	1407	0
591	276	0
591	174	0
591	1682	0
581	1235	0
581	1463	0
592	839	0
592	972	0
592	145	0
592	1361	0
592	1381	0
592	851	0
592	1682	0
592	53	0
592	1448	0
592	238	0
592	485	0
592	94	0
592	697	0
592	1569	0
592	666	0
592	1618	0
592	677	0
592	624	0
580	92	0
580	1043	0
580	992	0
590	1417	0
590	1537	0
590	1673	0
593	1210	0
593	419	0
593	1102	0
593	715	0
593	576	0
593	1511	0
593	327	0
593	1187	0
583	637	0
583	1005	0
596	579	0
570	764	0
570	1294	0
599	617	0
599	1405	0
599	521	0
589	497	0
589	669	0
594	372	0
594	1661	0
597	43	0
597	188	0
578	980	0
578	1159	0
601	387	0
601	699	0
601	1542	0
601	491	0
601	1308	0
601	253	0
601	513	0
601	1048	0
602	1116	0
602	1219	0
600	384	0
600	859	0
600	109	0
600	418	0
600	1558	0
605	1355	0
605	1614	0
605	173	0
605	447	0
605	233	0
603	1203	0
603	363	0
603	164	0
595	1077	0
595	1566	0
595	886	0
595	1011	0
595	1625	0
606	649	0
606	1121	0
606	731	0
606	884	0
606	441	0
606	1292	0
606	1223	0
606	1260	0
606	356	0
606	1081	0
606	400	0
606	772	0
608	49	0
608	1076	0
608	792	0
608	1445	0
608	518	0
608	896	0
608	1552	0
608	746	0
607	623	0
607	525	0
610	264	0
610	1016	0
610	1596	0
610	1295	0
611	511	0
611	1628	0
617	1622	0
617	1301	0
617	48	0
617	580	0
617	873	0
617	430	0
618	1236	0
618	1531	0
618	1179	0
618	300	0
618	1007	0
618	562	0
618	952	0
618	256	0
618	563	0
618	1410	0
618	1483	0
614	774	0
614	1268	0
609	617	0
609	811	0
615	524	0
615	970	0
615	909	0
615	1003	0
615	601	0
616	178	0
616	1268	0
620	1629	0
620	1288	0
620	799	0
620	733	0
620	781	0
620	1551	0
571	1256	0
619	1193	0
619	110	0
619	359	0
619	1394	0
619	1671	0
613	27	0
613	472	0
622	308	0
622	307	0
622	982	0
622	48	0
622	1508	0
622	1532	0
622	1291	0
622	179	0
622	739	0
622	1036	0
622	1047	0
621	1276	0
621	1217	0
621	1272	0
621	1505	0
621	681	0
621	1614	0
621	486	0
621	1365	0
621	1676	0
604	1040	0
604	1429	0
624	1393	0
624	1669	0
624	1093	0
624	197	0
624	918	0
624	785	0
624	1376	0
612	386	0
612	557	0
627	1104	0
627	385	0
627	627	0
627	204	0
627	1537	0
627	923	0
627	604	0
627	363	0
627	1646	0
623	491	0
623	449	0
623	1115	0
628	1452	0
628	852	0
625	1173	0
625	14	0
625	378	0
625	1326	0
625	412	0
625	1146	0
629	510	0
629	278	0
629	937	0
629	919	0
629	1163	0
629	459	0
633	1127	0
633	440	0
633	1276	0
632	331	0
632	1586	0
632	1562	0
632	345	0
632	796	0
632	1402	0
631	812	0
634	1183	0
634	542	0
634	610	0
634	1228	0
634	134	0
634	1200	0
634	778	0
639	1304	0
639	1430	0
639	748	0
639	453	0
639	607	0
639	944	0
639	1623	0
639	168	0
630	523	0
630	604	0
630	1511	0
630	216	0
630	65	0
630	658	0
642	521	0
642	192	0
642	1399	0
642	1615	0
642	1502	0
642	194	0
642	1594	0
642	909	0
642	861	0
642	445	0
642	843	0
642	675	0
642	300	0
642	1202	0
642	1662	0
642	589	0
637	399	0
637	254	0
637	103	0
637	1585	0
637	638	0
640	1631	0
640	886	0
640	477	0
640	73	0
640	1285	0
640	518	0
626	643	0
626	1534	0
643	64	0
643	1195	0
643	662	0
643	1435	0
643	178	0
643	160	0
643	290	0
643	316	0
643	866	0
643	674	0
598	1017	0
598	872	0
638	564	0
638	63	0
638	26	0
638	1441	0
635	1618	0
635	591	0
644	1308	0
644	124	0
636	559	0
645	865	0
645	307	0
645	82	0
645	199	0
645	838	0
645	895	0
648	1275	0
648	1680	0
648	1426	0
648	731	0
648	1614	0
648	515	0
648	1184	0
648	478	0
648	908	0
648	1509	0
648	305	0
648	42	0
648	707	0
648	243	0
648	837	0
647	67	0
647	350	0
647	1138	0
650	1471	0
650	488	0
650	798	0
650	1250	0
650	988	0
650	467	0
650	477	0
650	652	0
650	1503	0
650	686	0
650	1341	0
650	1558	0
650	1598	0
650	400	0
650	340	0
651	373	0
654	1507	0
654	1187	0
654	415	0
654	486	0
654	665	0
654	1346	0
654	1469	0
654	982	0
653	1120	0
653	1057	0
653	334	0
653	932	0
653	146	0
653	1418	0
653	801	0
653	639	0
653	1339	0
653	278	0
653	329	0
653	774	0
653	1045	0
653	1521	0
655	837	0
655	1078	0
655	878	0
655	1188	0
655	1646	0
655	1675	0
655	1486	0
655	408	0
655	140	0
655	1569	0
655	1280	0
655	1429	0
655	1202	0
655	940	0
655	440	0
655	1431	0
655	1652	0
655	630	0
655	560	0
655	332	0
655	1296	0
655	743	0
655	1657	0
655	857	0
655	1477	0
655	798	0
655	474	0
655	1460	0
655	383	0
655	1576	0
655	623	0
655	1463	0
655	1342	0
649	70	0
649	970	0
658	361	0
658	901	0
658	646	0
658	917	0
656	1256	0
656	323	0
660	1436	0
660	1472	0
660	616	0
660	802	0
660	244	0
660	1093	0
660	580	0
660	1294	0
660	1396	0
660	493	0
660	1478	0
659	450	0
659	1624	0
659	1218	0
659	163	0
659	926	0
659	466	0
659	522	0
659	1534	0
659	535	0
659	106	0
646	781	0
646	1384	0
663	502	0
663	1658	0
663	1427	0
663	52	0
663	582	0
663	285	0
663	131	0
663	1304	0
664	710	0
664	1477	0
664	1417	0
664	171	0
664	549	0
664	612	0
664	1040	0
664	1053	0
657	1249	0
657	305	0
665	161	0
665	317	0
665	966	0
665	297	0
665	91	0
665	488	0
665	783	0
666	778	0
666	677	0
666	1586	0
666	1160	0
666	904	0
666	487	0
666	1289	0
666	480	0
666	201	0
666	1513	0
666	1313	0
666	1144	0
661	359	0
661	1062	0
661	130	0
661	1466	0
661	317	0
661	856	0
662	611	0
662	1431	0
667	867	0
667	356	0
667	1532	0
641	454	0
641	171	0
668	301	0
668	607	0
668	683	0
673	1633	0
673	642	0
671	1308	0
671	1110	0
671	705	0
671	1157	0
671	1001	0
671	1104	0
669	841	0
669	701	0
669	1179	0
669	1268	0
669	1175	0
676	523	0
676	447	0
676	1151	0
676	1204	0
674	272	0
674	463	0
652	1670	0
652	1338	0
677	48	0
677	871	0
677	1023	0
682	361	0
682	1380	0
682	937	0
682	1001	0
682	251	0
682	1460	0
682	1418	0
682	1372	0
682	980	0
682	799	0
682	774	0
682	590	0
682	1244	0
682	1334	0
682	1441	0
682	1280	0
682	20	0
682	764	0
682	542	0
682	465	0
679	1668	0
679	833	0
679	45	0
684	898	0
684	287	0
684	1207	0
684	1597	0
684	1476	0
685	56	0
683	1390	0
683	257	0
683	1191	0
683	1630	0
691	861	0
691	769	0
672	780	0
672	1171	0
692	938	0
692	335	0
690	307	0
690	1341	0
690	1634	0
690	1678	0
690	1470	0
690	599	0
689	347	0
689	388	0
686	1257	0
686	716	0
686	319	0
686	1320	0
693	1416	0
693	279	0
693	1614	0
693	526	0
693	1461	0
693	405	0
693	569	0
693	1587	0
688	544	0
688	385	0
697	1207	0
697	167	0
697	1522	0
697	1347	0
697	504	0
698	1151	0
698	102	0
698	460	0
698	976	0
698	464	0
698	1119	0
698	1488	0
670	464	0
670	941	0
670	810	0
694	1469	0
694	1619	0
694	246	0
694	1667	0
694	1123	0
694	1523	0
694	1002	0
694	1056	0
680	366	0
680	1234	0
705	534	0
705	692	0
705	690	0
705	491	0
705	1350	0
705	32	0
701	81	0
701	1647	0
699	584	0
699	1598	0
699	1033	0
699	1213	0
699	429	0
699	914	0
699	582	0
699	1625	0
704	81	0
704	1465	0
704	282	0
704	1532	0
704	950	0
707	323	0
707	167	0
707	753	0
707	276	0
707	416	0
707	1124	0
707	1290	0
707	1288	0
707	385	0
707	1232	0
707	740	0
707	1092	0
700	454	0
687	1391	0
695	120	0
695	1278	0
675	82	0
675	20	0
708	72	0
708	1300	0
708	1326	0
708	825	0
708	1269	0
709	1364	0
709	1509	0
709	504	0
709	1461	0
709	949	0
709	1498	0
709	835	0
711	1324	0
711	1342	0
711	1681	0
711	759	0
711	1423	0
711	1674	0
711	547	0
711	1310	0
711	994	0
711	943	0
711	1471	0
710	17	0
710	150	0
710	1324	0
710	947	0
710	668	0
712	1645	0
712	337	0
712	438	0
712	1415	0
712	760	0
712	1446	0
712	1328	0
712	1277	0
715	1600	0
715	617	0
715	922	0
715	818	0
715	1494	0
715	831	0
715	1197	0
715	1058	0
713	1555	0
713	477	0
716	1422	0
716	1570	0
716	1633	0
716	157	0
716	336	0
716	161	0
716	1108	0
716	402	0
716	1528	0
716	464	0
716	1404	0
716	341	0
716	1258	0
681	418	0
681	64	0
678	1458	0
678	1570	0
719	331	0
719	248	0
719	1572	0
719	864	0
702	891	0
702	380	0
721	722	0
721	743	0
721	1569	0
721	1401	0
721	219	0
721	1344	0
721	1166	0
721	1313	0
714	176	0
714	1022	0
714	1114	0
717	1389	0
717	722	0
717	767	0
717	1000	0
717	1251	0
718	871	0
718	1631	0
696	1013	0
696	1229	0
722	453	0
722	37	0
724	919	0
724	240	0
724	976	0
724	361	0
727	36	0
727	610	0
727	1137	0
727	493	0
727	1149	0
727	1160	0
727	690	0
727	661	0
727	736	0
727	162	0
727	807	0
727	216	0
727	957	0
727	1096	0
727	338	0
727	853	0
725	938	0
725	275	0
706	149	0
706	919	0
720	1067	0
720	317	0
729	1395	0
726	139	0
726	1290	0
728	548	0
728	1403	0
703	744	0
703	240	0
703	1326	0
738	804	0
738	242	0
738	497	0
738	1533	0
738	540	0
738	596	0
738	1276	0
738	193	0
736	13	0
736	1056	0
734	285	0
734	129	0
734	1312	0
734	853	0
730	853	0
730	102	0
743	1137	0
743	929	0
742	634	0
742	156	0
737	727	0
737	1140	0
733	1329	0
733	827	0
733	259	0
733	867	0
733	1567	0
733	366	0
745	1059	0
745	541	0
745	825	0
740	805	0
735	1305	0
735	553	0
735	914	0
747	1067	0
747	1342	0
747	590	0
747	1390	0
747	910	0
747	723	0
747	1549	0
747	1387	0
747	107	0
747	1237	0
747	940	0
747	1070	0
747	358	0
747	1357	0
723	973	0
723	285	0
739	940	0
739	1060	0
749	253	0
749	193	0
749	1110	0
749	91	0
749	37	0
749	1164	0
749	1213	0
749	707	0
749	1655	0
749	1547	0
749	103	0
749	1039	0
749	888	0
749	826	0
749	456	0
748	638	0
748	718	0
748	378	0
748	330	0
748	322	0
748	580	0
746	777	0
746	785	0
746	997	0
746	104	0
731	1148	0
731	1335	0
731	761	0
731	1468	0
750	213	0
750	1637	0
741	488	0
741	834	0
741	912	0
741	760	0
741	1440	0
751	151	0
751	1516	0
751	1189	0
751	961	0
751	23	0
751	78	0
751	387	0
751	1409	0
756	485	0
756	286	0
756	954	0
756	242	0
756	823	0
756	853	0
757	1340	0
757	1472	0
757	152	0
757	159	0
757	398	0
757	1461	0
757	873	0
757	1029	0
752	1132	0
752	1220	0
752	77	0
752	473	0
758	35	0
758	1261	0
758	275	0
758	849	0
758	1432	0
758	594	0
758	354	0
758	1662	0
758	1450	0
758	718	0
758	132	0
758	905	0
758	576	0
758	343	0
758	1148	0
758	961	0
758	856	0
758	1452	0
732	1075	0
762	430	0
744	1002	0
744	1440	0
754	979	0
754	1083	0
753	1494	0
753	556	0
753	1588	0
763	1236	0
763	1168	0
763	1080	0
763	1123	0
763	1088	0
763	722	0
763	883	0
764	435	0
764	899	0
764	674	0
764	911	0
764	1342	0
764	1444	0
767	574	0
767	1480	0
769	1109	0
769	1604	0
755	103	0
755	1610	0
771	779	0
771	609	0
771	734	0
771	1288	0
768	776	0
768	893	0
768	901	0
768	1311	0
773	1366	0
773	1428	0
773	963	0
773	164	0
773	1002	0
773	970	0
773	1320	0
773	1331	0
765	1007	0
765	602	0
772	1322	0
772	1146	0
766	883	0
766	1305	0
766	280	0
766	935	0
766	711	0
766	1492	0
766	1246	0
766	321	0
766	1241	0
774	1251	0
774	1644	0
774	1623	0
774	506	0
774	73	0
774	57	0
774	1113	0
774	1188	0
774	1004	0
774	1570	0
774	1487	0
760	651	0
760	936	0
761	608	0
761	451	0
761	1327	0
761	992	0
777	1277	0
777	1361	0
759	1597	0
759	1201	0
776	1104	0
776	1273	0
776	1267	0
776	1016	0
776	380	0
780	1377	0
780	1405	0
780	220	0
779	1135	0
779	1344	0
778	62	0
778	1120	0
778	691	0
778	381	0
782	436	0
782	65	0
782	384	0
782	99	0
782	595	0
782	1510	0
782	768	0
782	1183	0
782	569	0
782	973	0
782	915	0
782	369	0
786	1309	0
786	1391	0
786	316	0
786	451	0
786	1637	0
786	565	0
784	1367	0
784	452	0
770	1170	0
770	1500	0
770	1228	0
770	205	0
788	872	0
788	1308	0
788	1252	0
788	725	0
788	320	0
788	889	0
788	978	0
788	1154	0
788	90	0
788	1275	0
788	131	0
788	1287	0
789	1563	0
789	579	0
790	383	0
790	650	0
790	260	0
790	1050	0
790	1035	0
790	1328	0
790	854	0
790	754	0
790	971	0
790	1485	0
790	471	0
790	552	0
787	565	0
787	609	0
787	890	0
783	767	0
783	1333	0
785	247	0
785	408	0
794	1610	0
794	814	0
781	1032	0
781	899	0
796	929	0
796	844	0
796	892	0
796	673	0
796	1043	0
796	967	0
796	1395	0
796	993	0
796	1527	0
796	290	0
796	1477	0
796	529	0
796	521	0
796	253	0
796	1439	0
796	378	0
796	1284	0
796	1326	0
795	1238	0
795	1352	0
795	828	0
795	290	0
795	587	0
795	1533	0
795	30	0
795	270	0
793	576	0
793	1644	0
793	951	0
798	1573	0
798	613	0
798	1432	0
798	219	0
798	833	0
798	1125	0
798	962	0
798	1401	0
798	1613	0
798	957	0
798	1506	0
798	205	0
791	1376	0
791	897	0
802	739	0
802	14	0
802	920	0
802	532	0
800	1543	0
800	1669	0
804	1369	0
804	1452	0
804	1076	0
804	349	0
804	1011	0
804	586	0
804	492	0
804	611	0
804	1078	0
804	1527	0
804	1100	0
804	1126	0
804	1561	0
804	488	0
804	1422	0
804	1473	0
803	706	0
803	1532	0
775	824	0
775	1243	0
792	1404	0
792	278	0
792	1526	0
799	865	0
799	1223	0
805	1450	0
805	1003	0
805	186	0
805	929	0
805	1061	0
805	1462	0
805	703	0
805	391	0
805	1093	0
805	1560	0
805	794	0
805	1563	0
805	959	0
805	570	0
806	797	0
806	256	0
806	248	0
806	213	0
806	620	0
806	1017	0
806	1505	0
807	1677	0
807	425	0
807	1044	0
807	1492	0
807	1669	0
807	81	0
807	494	0
807	1465	0
807	1231	0
807	388	0
797	1672	0
797	15	0
801	1060	0
801	509	0
809	1151	0
815	203	0
815	774	0
815	395	0
815	455	0
815	409	0
815	1582	0
815	358	0
815	1643	0
815	745	0
817	1592	0
817	303	0
821	1401	0
821	659	0
821	1624	0
818	95	0
814	1325	0
814	994	0
812	672	0
823	1532	0
823	1567	0
823	1419	0
823	75	0
823	460	0
823	1295	0
823	1065	0
823	387	0
823	383	0
825	1479	0
825	537	0
825	1648	0
825	16	0
825	1245	0
825	44	0
825	620	0
827	397	0
827	1020	0
829	132	0
829	1004	0
829	1584	0
829	49	0
811	1270	0
830	269	0
830	1434	0
830	770	0
830	212	0
830	1067	0
830	631	0
826	832	0
826	764	0
826	1669	0
826	1126	0
826	34	0
826	1597	0
831	1598	0
831	593	0
831	1572	0
831	136	0
819	1235	0
819	835	0
828	1246	0
828	1273	0
828	743	0
828	491	0
828	511	0
808	669	0
808	842	0
835	382	0
835	1528	0
835	1024	0
835	1459	0
835	1096	0
833	845	0
833	624	0
833	1642	0
833	768	0
833	315	0
833	1492	0
833	1418	0
833	80	0
833	1491	0
833	444	0
833	1179	0
833	1347	0
833	551	0
836	319	0
836	1080	0
836	1043	0
816	1206	0
816	175	0
838	956	0
838	671	0
838	1200	0
838	389	0
838	730	0
839	188	0
839	1061	0
839	5	0
840	798	0
840	932	0
840	1668	0
840	1246	0
840	987	0
840	553	0
840	822	0
840	1621	0
840	1649	0
840	381	0
832	1193	0
832	399	0
810	1160	0
810	735	0
844	1515	0
844	500	0
844	870	0
844	737	0
843	981	0
843	1588	0
843	1575	0
843	1578	0
843	383	0
843	358	0
843	1626	0
843	1571	0
843	1583	0
843	1166	0
834	1348	0
834	1304	0
834	1280	0
846	1482	0
846	1332	0
846	1351	0
846	140	0
846	344	0
846	104	0
846	593	0
846	960	0
846	1658	0
846	1142	0
846	1403	0
846	1012	0
846	1173	0
846	1545	0
846	1306	0
846	236	0
846	653	0
846	972	0
846	1398	0
846	1326	0
837	541	0
837	76	0
837	680	0
813	1005	0
813	31	0
842	1546	0
842	786	0
847	1564	0
847	1491	0
847	1400	0
847	513	0
847	835	0
847	485	0
847	537	0
848	36	0
848	1600	0
848	1133	0
848	959	0
848	974	0
848	214	0
848	726	0
848	791	0
822	1374	0
822	1077	0
852	124	0
852	1574	0
852	1402	0
851	1624	0
851	148	0
851	312	0
851	150	0
851	822	0
851	886	0
851	281	0
851	1263	0
851	420	0
851	1531	0
849	1605	0
849	1535	0
854	496	0
854	1432	0
854	1041	0
854	28	0
854	531	0
854	734	0
854	1554	0
854	1662	0
854	1320	0
854	1322	0
854	1149	0
850	983	0
850	247	0
850	583	0
858	1325	0
853	1458	0
853	488	0
855	394	0
855	1097	0
824	1294	0
845	683	0
845	459	0
841	180	0
841	550	0
859	1271	0
859	125	0
862	1337	0
862	360	0
862	607	0
862	1445	0
862	1535	0
862	415	0
862	1187	0
862	1576	0
856	657	0
856	984	0
820	1501	0
863	1304	0
863	651	0
863	1410	0
863	112	0
863	1424	0
863	993	0
860	917	0
860	329	0
860	353	0
860	87	0
857	1664	0
857	1124	0
864	1521	0
864	677	0
864	1581	0
864	932	0
864	6	0
864	1057	0
864	618	0
864	1292	0
864	1090	0
864	1533	0
864	33	0
864	1032	0
864	1587	0
864	1409	0
864	1485	0
865	87	0
865	936	0
865	1367	0
865	1194	0
868	1635	0
868	1448	0
868	395	0
868	551	0
868	122	0
868	730	0
868	959	0
868	816	0
868	105	0
868	1471	0
867	572	0
867	478	0
867	1250	0
867	1160	0
867	1666	0
861	1559	0
861	865	0
870	974	0
870	1103	0
870	392	0
870	1045	0
870	1648	0
870	1325	0
870	1646	0
870	1532	0
870	592	0
870	864	0
870	581	0
870	656	0
870	1308	0
871	1316	0
871	747	0
871	976	0
871	798	0
871	1426	0
871	660	0
875	50	0
875	326	0
875	205	0
875	634	0
875	529	0
876	1644	0
872	561	0
872	1581	0
872	27	0
872	210	0
866	468	0
877	893	0
877	48	0
877	626	0
877	1143	0
873	1172	0
880	372	0
880	417	0
880	1314	0
880	406	0
880	1274	0
880	1355	0
880	579	0
880	75	0
880	771	0
880	959	0
880	1173	0
880	1655	0
880	643	0
880	1568	0
880	1500	0
880	1461	0
880	1612	0
880	84	0
878	1193	0
878	1196	0
878	177	0
878	1343	0
878	1669	0
878	1609	0
878	1197	0
869	522	0
869	1567	0
869	770	0
881	52	0
881	422	0
881	688	0
881	585	0
881	993	0
881	1007	0
881	1616	0
881	602	0
881	37	0
881	1199	0
881	1051	0
881	1412	0
881	1608	0
879	1280	0
879	791	0
883	841	0
883	109	0
883	1470	0
883	1355	0
883	1211	0
883	1350	0
883	1254	0
883	1089	0
883	1589	0
883	225	0
883	864	0
883	983	0
883	1613	0
882	99	0
882	425	0
882	1621	0
882	593	0
882	931	0
882	1114	0
882	646	0
884	1274	0
884	607	0
886	648	0
886	1183	0
886	907	0
886	1221	0
886	1104	0
886	1512	0
886	115	0
886	957	0
886	1036	0
886	452	0
886	1109	0
886	280	0
885	62	0
885	479	0
885	1008	0
885	507	0
885	977	0
889	921	0
889	1418	0
889	1248	0
889	882	0
889	950	0
889	443	0
889	768	0
889	796	0
889	1098	0
889	345	0
889	213	0
889	1599	0
889	54	0
889	1294	0
889	1252	0
889	75	0
874	695	0
874	909	0
892	1266	0
892	123	0
892	1108	0
892	1218	0
892	270	0
892	1065	0
892	1203	0
892	1443	0
892	711	0
892	490	0
892	437	0
890	1244	0
890	685	0
890	1277	0
890	1206	0
890	381	0
890	642	0
893	316	0
893	746	0
893	495	0
887	249	0
887	700	0
887	1569	0
887	1160	0
887	1504	0
887	357	0
887	661	0
887	1545	0
887	1680	0
891	1218	0
891	532	0
891	306	0
894	1439	0
894	920	0
894	379	0
894	836	0
894	891	0
894	1654	0
894	177	0
894	406	0
894	395	0
894	1353	0
894	1678	0
894	680	0
896	1600	0
896	1419	0
896	693	0
896	142	0
896	1669	0
896	551	0
896	1587	0
896	999	0
896	1418	0
896	139	0
896	1453	0
896	623	0
896	776	0
896	156	0
896	914	0
896	1125	0
896	1558	0
896	663	0
897	263	0
897	1048	0
897	1493	0
897	144	0
897	1571	0
897	1263	0
897	1153	0
897	224	0
897	923	0
901	482	0
901	854	0
901	1343	0
901	335	0
901	1094	0
901	1062	0
899	1572	0
899	491	0
899	394	0
899	672	0
899	270	0
899	332	0
899	1213	0
903	821	0
903	547	0
903	1571	0
903	59	0
903	329	0
903	780	0
903	505	0
904	1521	0
904	988	0
904	1111	0
907	804	0
907	1134	0
907	183	0
907	1460	0
907	1210	0
907	1001	0
907	1576	0
907	938	0
905	928	0
905	1088	0
902	1394	0
902	1511	0
902	407	0
898	1183	0
898	1054	0
895	1300	0
906	952	0
906	1382	0
900	168	0
900	67	0
900	192	0
908	746	0
908	261	0
908	899	0
908	1349	0
916	102	0
916	734	0
916	1514	0
916	1123	0
916	319	0
916	413	0
916	821	0
916	1628	0
916	845	0
916	201	0
916	1393	0
916	1272	0
916	634	0
916	867	0
916	692	0
916	615	0
911	860	0
911	1442	0
911	88	0
911	1210	0
911	679	0
912	1083	0
912	644	0
912	630	0
914	670	0
914	495	0
918	681	0
918	1454	0
918	302	0
918	546	0
918	1215	0
919	750	0
919	214	0
919	152	0
919	364	0
919	707	0
919	338	0
919	848	0
919	1630	0
919	1332	0
919	1135	0
919	1639	0
921	843	0
921	1567	0
921	653	0
921	1038	0
921	668	0
921	1374	0
910	1503	0
910	168	0
910	934	0
913	1589	0
913	215	0
913	414	0
913	40	0
913	581	0
913	1505	0
913	1606	0
915	1634	0
915	9	0
922	949	0
922	1100	0
922	1450	0
922	833	0
922	1319	0
922	658	0
922	976	0
923	136	0
923	733	0
923	1286	0
923	1127	0
928	828	0
928	53	0
927	1232	0
927	506	0
927	1479	0
927	213	0
927	730	0
927	982	0
924	978	0
924	438	0
924	383	0
924	1426	0
929	867	0
929	1525	0
929	1474	0
931	1615	0
931	855	0
931	1181	0
917	94	0
917	583	0
932	1122	0
932	1230	0
932	734	0
932	714	0
932	1228	0
932	387	0
932	1147	0
932	1192	0
932	167	0
932	1445	0
932	315	0
932	574	0
909	1008	0
909	1601	0
934	757	0
934	1427	0
934	1603	0
934	595	0
934	178	0
934	118	0
934	1039	0
934	1415	0
934	1524	0
933	112	0
933	1225	0
933	974	0
933	262	0
933	1105	0
933	287	0
933	1603	0
933	116	0
933	1196	0
935	88	0
935	672	0
938	618	0
938	81	0
938	648	0
938	1163	0
938	1166	0
938	1295	0
940	786	0
940	1624	0
940	344	0
940	926	0
940	782	0
940	952	0
888	782	0
925	1034	0
925	1542	0
942	1504	0
942	254	0
942	163	0
942	1007	0
937	1418	0
937	154	0
926	1642	0
943	209	0
943	830	0
943	899	0
943	418	0
943	237	0
943	1295	0
943	1548	0
943	1324	0
939	713	0
939	1220	0
939	179	0
936	1210	0
936	1103	0
936	869	0
936	369	0
936	893	0
936	698	0
936	197	0
930	322	0
930	1353	0
930	1105	0
920	529	0
920	71	0
941	11	0
941	332	0
